-0.0107
0.0768
0.1117
0.1634
0.2350
0.1519
0.0480
-0.0720
-0.1709
-0.2509
-0.3252
-0.2268
-0.1231
-0.0172
0.1083
0.2261
0.3893
0.3396
0.2654
0.1751
0.0376
-0.1136
-0.2630
-0.1901
-0.1161
-0.0733
0.0179
0.1322
0.2417
0.1973
0.1271
0.0601
-0.0654
-0.1568
-0.2528
-0.1576
-0.0822
0.0084
0.0963
0.1752
0.2634
0.2107
0.1624
0.1186
0.0348
-0.0592
-0.1712
-0.1316
-0.0936
-0.0512
0.0816
0.1815
0.3265
0.3419
0.3581
0.3911
0.2874
0.2156
0.1193
0.1668
0.1383
0.1771
0.2414
0.3392
0.3893
0.3770
0.3260
0.2511
0.1327
0.0171
-0.0831
-0.0293
-0.0177
0.0264
0.1147
0.2001
0.3178
0.3346
0.3494
0.3975
0.2882
