5.9384
5.5831
5.6401
5.6438
5.7652
4.7872
3.9188
2.9519
2.7748
2.6198
2.4907
2.4379
2.3251
2.1827
2.4596
2.6339
2.9442
2.7010
2.4657
2.3152
1.2825
0.3351
-0.5749
-1.1738
-1.5097
-1.9481
-2.4160
-3.0406
-3.6451
-3.7614
-3.8382
-3.8516
-4.2513
-4.5899
-4.8324
-4.9395
-5.0676
-5.1927
-6.0965
-7.0754
-7.9402
-7.7129
-7.4702
-7.2607
-7.4805
-7.6422
-7.7902
-7.5209
-7.2721
-6.9793
-6.4063
-6.0001
-5.6372
-2.3968
1.0172
4.2931
5.0992
5.8284
6.6134
7.6771
8.5126
9.4911
9.1155
8.5917
8.1344
7.6201
7.0703
6.6415
6.0419
5.5752
4.9955
4.6143
4.2258
3.7239
3.2451
2.6973
2.1193
1.8779
1.6825
1.4430
1.3990
