0.1944
0.1394
-0.0027
-0.1426
-0.2904
-0.2201
-0.1473
-0.0862
0.0595
0.2148
0.3775
0.3298
0.3069
0.2654
0.1150
-0.0743
-0.2670
-0.2291
-0.2086
-0.1731
-0.0282
0.1222
0.2833
0.2522
0.2204
0.2063
0.0261
-0.1373
-0.3077
-0.2587
-0.2124
-0.1592
0.0451
0.2581
0.4556
0.4478
0.4645
0.4753
0.2730
0.0856
-0.1187
-0.1660
-0.2055
-0.2377
-0.0358
0.1558
0.3310
0.4013
0.4492
0.5075
0.3910
0.2606
0.1376
0.0666
0.0045
-0.0609
0.0185
0.0983
0.1807
0.1840
0.1912
0.1919
0.0889
-0.0373
-0.1169
-0.1581
-0.2058
-0.2529
-0.1589
-0.1068
-0.0415
0.0395
0.1125
0.1755
0.1768
0.1808
0.1963
0.1565
0.1175
0.0829
0.0628
