2.3855
3.1909
1.1254
-0.9252
-2.7020
-2.3313
-2.1917
-1.8791
-0.7473
0.2709
1.3939
1.4437
1.7063
1.8382
1.1640
0.3963
-0.2844
-0.1220
-0.1710
-0.0320
0.0788
0.2008
0.3073
1.4358
2.5892
3.8619
4.0869
4.2718
4.4407
4.1667
4.0263
3.7713
3.8881
3.5928
3.6353
3.7150
3.8041
3.8295
4.5682
5.3575
5.8387
5.7980
5.8385
5.8152
6.2699
6.6012
7.1043
7.9263
8.4052
8.8255
9.8728
10.5891
11.4099
10.3390
9.1199
7.9439
5.8118
3.7088
1.6699
0.9909
0.7540
0.3460
-0.0359
-0.6245
-0.9944
-1.8827
-2.7548
-3.6836
-3.9162
-4.0393
-4.4042
-3.8000
-3.3038
-2.5606
-1.7648
-0.7616
0.2173
0.7620
1.3440
1.9413
2.3822
