0.0513
0.1355
0.1844
0.2449
0.1491
0.0013
-0.0975
-0.2037
-0.2871
-0.3898
-0.2684
-0.1645
-0.0308
0.0840
0.1980
0.3379
0.2644
0.1774
0.1046
-0.0025
-0.1219
-0.2408
-0.1531
-0.0846
-0.0074
0.1176
0.1961
0.2885
0.2167
0.1311
0.0347
-0.0956
-0.2083
-0.3376
-0.2184
-0.1366
-0.0529
0.0960
0.2343
0.3558
0.2870
0.2648
0.2181
0.0962
-0.0819
-0.1985
-0.1974
-0.1549
-0.1230
-0.0010
0.1079
0.2280
0.2533
0.2473
0.2656
0.2061
0.1058
0.0293
0.0628
0.0926
0.1360
0.2002
0.2400
0.2889
0.2238
0.1653
0.0321
-0.0026
-0.0092
0.0029
0.0705
0.2095
0.2400
0.2088
0.2134
0.1338
0.0299
-0.0471
-0.1530
-0.1325
-0.0544
0.0380
0.0841
0.0942
0.0936
0.1043
0.0171
