5.4371
5.5749
5.5356
5.4066
4.5018
3.6983
2.8458
2.7776
2.6868
2.6811
2.6003
2.3788
2.2343
2.5627
2.6678
3.0367
2.8706
2.9562
2.8329
1.5500
0.3710
-0.5335
-0.9389
-1.3552
-1.9027
-2.3473
-2.9853
-3.4895
-3.4606
-3.4201
-3.6910
-3.7133
-4.0283
-4.3021
-4.6843
-4.7304
-5.3257
-6.2283
-7.1632
-7.6855
-7.5330
-7.1926
-6.7192
-6.8055
-6.9653
-7.3111
-7.2754
-7.1894
-6.9577
-6.1627
-5.5014
-4.4977
-1.5201
1.8235
4.9729
5.1261
5.3389
5.7022
6.9702
8.0887
9.0153
8.8410
8.6382
8.2206
7.7688
7.3336
6.8948
6.5369
6.0197
5.6120
5.3209
4.6787
4.1461
3.4140
2.9832
2.4068
2.3139
2.0649
2.1435
1.9281
1.6025
1.0984
1.7514
2.2400
2.7219
3.0950
3.3585
