2.2266
1.5895
0.7377
0.5985
-0.0938
-1.2320
-2.5096
-1.1256
-0.0487
1.1315
1.2399
1.3294
1.4419
1.1812
0.6951
0.2501
0.4821
0.6517
0.5419
0.6806
0.6749
0.8408
1.6582
2.3872
3.2504
3.4637
3.4910
3.8814
3.7912
3.4074
3.1824
3.2417
3.2464
3.2687
3.4021
3.4255
3.4329
4.1441
4.6243
5.4207
5.3328
5.3299
5.4361
5.9556
6.6603
7.3180
7.8373
8.4531
8.5639
9.4978
10.2069
11.2449
10.0689
9.0260
8.0707
6.4280
4.7651
2.7817
1.8748
1.0685
0.1808
-0.1614
-0.5170
-1.0285
-2.0649
-3.1409
-4.4542
-4.4965
-4.5261
-4.9818
-4.0469
-3.4411
-3.1680
-2.4470
-1.7692
-0.9628
-0.4631
0.2015
0.7318
1.1683
1.9273
2.1221
1.9448
1.7016
1.2120
1.5187
1.4589
