0.1946
0.0860
-0.0765
-0.1879
-0.1263
-0.0987
-0.0823
0.0548
0.1804
0.2925
0.2823
0.2636
0.2300
0.1118
0.0058
-0.1150
-0.1129
-0.0845
-0.0459
0.0594
0.1489
0.2582
0.2276
0.1774
0.1701
0.0351
-0.1120
-0.2482
-0.1909
-0.1449
-0.1370
-0.0121
0.2080
0.3571
0.3896
0.4339
0.4081
0.2860
0.1106
-0.0288
-0.0711
-0.1083
-0.1252
0.0144
0.1903
0.3480
0.4109
0.4475
0.5074
0.3876
0.2426
0.0741
-0.0025
-0.0476
-0.1607
-0.0499
0.1143
0.2312
0.2447
0.2604
0.2914
0.1251
-0.0418
-0.1798
-0.2900
-0.3580
-0.4724
-0.2595
-0.0597
0.2159
0.3727
0.5109
0.4402
0.2443
0.1130
-0.0530
-0.1282
-0.1794
-0.2027
-0.1798
-0.0837
0.0449
0.0831
0.1031
0.1314
0.0982
0.0275
