2.0327
2.0351
2.047
2.101
2.1692
2.229
2.2912
2.3413
2.3792
2.4275
2.4815
2.5506
2.6067
2.6776
2.7686
2.8379
3.5425
4.234
4.9304
5.2977
5.5668
5.8801
6.1301
6.3351
6.4789
5.6981
4.9524
4.2038
3.433
2.6948
1.9345
1.1721
0.4278
-0.3
-1.0291
-1.7594
-2.4819
-3.2117
-3.9422
-4.7115
-4.6524
-4.5649
-4.4523
-4.4346
-4.4169
-4.3992
-5.2638
-6.1241
-6.9714
-7.0745
-7.1774
-7.2778
-7.3706
-7.4696
-7.5619
-7.6574
-7.7744
-7.8823
-8.0109
-8.1405
-8.2599
-8.3868
-8.4949
-8.607
-8.4979
-8.4459
-8.4603
-8.6907
-8.8964
-9.0611
-9.5215
-9.9929
-10.4482
-10.1929
-9.9216
-9.6596
-9.3956
-9.1347
-8.8716
-8.6213
-8.3717
-8.1227
-7.9043
-7.6841
-7.4813
-7.3025
-7.1284
-6.9511
-6.6694
-6.3707
-6.0693
-5.8607
-5.632
-5.3881
-5.5067
-5.6515
-5.8052
-5.7196
-5.6474
-5.5933
-5.5342
-5.4786
-5.3778
-5.2657
-5.1371
-4.9838
-4.8757
-4.736
-4.6928
-4.6521
-4.6655
-4.6733
