-6.2055
-5.6724
-5.1393
-4.6124
-5.1553
-5.6652
-6.1935
-6.7202
-7.2467
-7.7379
-7.9255
-8.1085
-8.2875
-8.4634
-8.6394
-8.8257
-9.0096
-9.2089
-9.384
-9.5573
-9.7137
-9.8411
-9.9768
-10.107
-10.2328
-9.9783
-9.7335
-9.516
-8.3125
-7.2667
-6.2563
-6.0103
-5.6844
-5.2579
-5.4923
-5.7305
-5.9652
-6.1447
-6.3376
-6.5306
-6.7235
-6.9548
-7.134
-7.3475
-7.5485
-7.7112
-7.849
-7.9996
-8.1683
-7.8189
-7.4536
-7.1575
-5.4326
-3.6948
-1.9666
-1.3634
-0.7697
-0.1856
0.2651
0.7373
1.1688
1.6372
2.0659
2.4946
2.888
3.2653
3.6239
3.9763
4.321
4.6505
4.9761
5.2785
5.5453
5.7414
5.9981
6.3055
6.3368
6.3838
6.4166
5.8722
5.3182
4.764
4.654
4.5423
4.4259
4.3062
4.1804
4.0458
3.8989
3.7451
3.6042
3.4735
3.3366
3.201
3.0637
2.9118
2.7565
2.7631
2.8092
2.8799
2.8728
2.853
2.8314
2.4769
2.1251
1.7659
1.4997
1.2329
0.9645
0.7017
0.4413
0.1809
-0.0651
-0.3142
-0.5607
-0.8064
-1.0627
-1.3133
-1.5721
-1.8404
-2.0913
-1.8428
-1.5829
-1.3235
-1.4672
-1.6155
-1.7684
-2.042
-2.2885
-2.5613
-2.5992
-2.6435
-2.6921
-2.746
-2.792
-2.8479
-2.8927
-2.93
-2.9747
-3.0123
-3.0506
-3.0899
-3.1118
-3.128
-3.1497
-3.4795
-3.846
-4.2338
-3.9064
-3.5852
-3.2463
-2.8529
-2.461
-2.0703
-2.4689
-2.8762
-3.2978
-3.7126
-4.1272
-4.5361
-4.9265
-5.3314
-5.7125
-6.096
-6.4819
-6.8566
-7.214
-7.5541
-7.9027
-8.4684
-9.0877
-9.7428
-10.2766
-10.7929
-11.2464
-11.0237
-10.8021
-10.5653
-9.7895
-9.0235
-8.2714
-7.5228
-6.8015
-6.0803
-5.3685
-4.6528
-3.932
-3.2058
-2.4842
-1.7557
-1.0246
-0.291
0.4479
0.9661
1.4642
1.949
2.7451
3.5529
4.3656
4.1341
3.9117
3.6803
3.4827
3.2759
3.0756
2.8465
2.6147
2.3804
2.1435
1.9069
1.6882
1.4763
1.2543
1.0403
0.8255
0.6072
0.3745
0.2814
0.1874
0.1109
-0.4551
-1.0446
-1.6159
-1.1639
-0.6871
-0.1898
-0.4304
-0.6601
-0.9418
-1.2291
-1.5413
-1.8455
-2.1563
-2.4501
-2.7439
-3.0377
-3.3338
-3.6341
