-5.7324
-6.3361
-6.9122
-7.107
-7.2903
-7.4622
-7.6273
-7.7877
-7.9703
-8.1525
-8.3368
-8.5211
-8.6772
-8.825
-8.9546
-9.0641
-9.1689
-9.2747
-9.2592
-9.2903
-9.2664
-8.1963
-7.1166
-6.064
-5.9699
-5.8303
-5.646
-5.3355
-5.096
-4.9038
-4.7531
-4.7345
-4.6856
-4.8056
-4.8272
-4.8085
-4.8092
-4.8327
-4.7787
-4.62
-4.3189
-4.1102
-3.7608
-3.5974
-3.7812
-2.6142
-1.4841
-0.3541
0.7631
1.8684
3.0179
3.1201
3.2567
3.3788
3.515
3.6064
3.6839
3.7408
3.7812
3.8062
3.8276
3.8408
3.8472
3.8437
3.8221
3.8022
4.6962
5.581
6.456
6.5074
6.5997
6.6995
5.9897
5.2748
4.553
4.3514
4.1546
3.9418
3.7376
3.5399
3.3664
3.2211
3.0763
2.9377
2.7988
2.6551
2.5105
2.3708
2.2312
2.0998
2.444
2.7852
3.1251
3.0732
3.0302
2.9929
2.5331
2.0703
1.6048
1.4428
1.2779
1.1117
0.9537
0.7977
0.652
0.5125
0.3709
0.2396
