-6.1225
-6.7701
-7.1227
-7.4649
-7.7944
-8.1008
-8.391
-8.7047
-9.036
-9.3597
-9.677
-9.9946
-10.2892
-10.5513
-10.7833
-11.0123
-11.2298
-10.9538
-10.7202
-10.4859
-9.3328
-8.1731
-6.9944
-6.5629
-6.0957
-5.6805
-5.813
-5.9596
-6.0945
-6.2318
-6.3989
-6.5409
-6.7185
-6.903
-7.0955
-7.2963
-7.4567
-7.6183
-7.7256
-7.8268
-7.8658
-7.3375
-6.9087
-6.5106
-5.1371
-3.7958
-2.4015
-1.3509
-0.3054
0.735
1.1016
1.4961
1.8758
2.2639
2.6
2.9058
3.1882
3.4336
3.6718
3.8973
4.1098
4.3189
4.5132
4.6568
4.7741
5.3128
5.9202
6.6063
6.672
6.7335
6.7821
6.0676
5.3604
4.6447
4.528
4.4063
4.2782
4.1425
4.0029
3.8513
3.7038
3.5539
3.4022
3.2489
3.1042
2.9377
2.7681
2.5968
2.4077
2.6246
2.8702
3.1331
3.1036
3.0686
3.0319
2.5413
2.0448
1.5464
1.3538
1.1603
0.9766
0.805
0.6248
0.4337
0.2427
0.0603
-0.1231
-0.3177
-0.5128
-0.716
-0.9126
