-0.2346
-0.1409
-0.0395
0.0418
0.0967
0.1498
0.2032
0.0990
0.0111
-0.0928
-0.1672
-0.2324
-0.2900
-0.1966
-0.0903
0.0215
0.1020
0.1872
0.3064
0.2144
0.1517
0.0492
-0.0604
-0.1684
-0.2762
-0.2059
-0.1391
-0.0579
0.0525
0.1480
0.2497
0.1767
0.1015
0.0341
-0.0820
-0.1855
-0.2900
-0.2113
-0.1453
-0.0729
0.0530
0.1760
0.2903
0.2371
0.1929
0.1514
0.0103
-0.1279
-0.2478
-0.2021
-0.1661
-0.1247
0.0174
0.1344
0.2698
0.2652
0.2649
0.2738
0.1403
0.0280
-0.0731
-0.0599
-0.0313
-0.0032
0.1076
0.2287
0.3220
0.3035
0.2622
0.2300
0.0213
-0.1220
-0.2858
-0.2889
-0.2546
-0.2397
-0.1129
0.0672
0.2224
0.2276
0.2284
0.2424
0.1238
0.0347
-0.0970
-0.0615
-0.0756
-0.0590
0.0572
0.1986
0.3142
0.2791
-0.2032
