0.1926
0.7623
1.3880
2.0264
2.0356
2.1514
2.3391
0.6337
-1.0228
-2.5915
-1.4933
-0.0943
1.2176
1.3742
1.1985
1.4630
1.3170
1.1043
0.9334
0.8319
0.8994
0.9834
0.9265
0.9495
0.8796
1.5681
2.1328
2.8705
3.1357
3.5073
3.7798
3.4248
2.8905
2.4122
2.7643
2.9774
3.3556
3.3701
3.4355
3.4530
4.1357
4.8109
5.2594
5.5264
5.8359
5.9566
6.6444
7.1593
7.7522
8.1183
8.6014
8.8501
9.8981
10.7419
11.6473
10.4221
9.0990
7.9696
6.2288
4.6779
2.9805
1.8765
0.8122
-0.4106
-0.4295
-0.8692
-1.1043
-2.1314
-3.3822
-4.5891
-4.6178
-4.4696
-4.4577
-3.4180
-2.5465
-1.6039
-1.5237
-1.2480
-1.0561
-0.1523
0.6668
1.5530
2.0705
2.8582
3.5696
3.2054
2.7841
2.4715
2.6069
2.3926
2.3406
2.1860
0.0641
