5.5608
5.6525
5.5550
5.2888
4.8843
5.3002
5.0190
3.9808
3.3637
2.2283
2.3536
2.1584
1.9332
2.0149
1.6949
1.7510
1.7589
1.9664
2.4591
2.2392
2.2381
1.8613
1.0079
0.4024
-0.4266
-0.8265
-1.2476
-1.5861
-2.1499
-2.5100
-3.3763
-3.3576
-3.3900
-3.5081
-3.6724
-3.7487
-4.0862
-4.5977
-5.1462
-5.8573
-6.5489
-7.1601
-7.7978
-7.4495
-6.6077
-6.2971
-6.0761
-5.4743
-5.4375
-5.7878
-6.0202
-6.6809
-5.0067
-3.5518
-2.0091
0.4120
2.8462
5.3421
5.1209
5.2630
5.2485
6.5411
7.4415
8.5227
8.6525
8.6054
8.3169
7.9958
7.6654
7.5135
6.8017
6.2572
5.5471
5.0948
5.1225
4.5832
4.2073
4.0800
3.6572
3.4097
3.2422
3.4552
3.0202
2.5355
2.3540
2.2738
2.0053
2.2256
2.9968
3.5976
4.1510
3.4912
5.8813
