0.3371
0.3050
0.2450
0.2322
0.1257
0.0044
-0.0955
-0.0646
-0.0262
0.0019
0.1015
0.2326
0.3081
0.2970
0.2740
0.2552
0.1469
-0.0012
-0.1105
-0.0974
-0.0944
-0.1080
0.0092
0.1176
0.2390
0.2491
0.2336
0.2392
0.1482
0.0004
-0.0745
-0.1051
-0.0888
-0.0843
0.0545
0.1514
0.3110
0.3171
0.3844
0.3951
0.2728
0.1669
0.0094
-0.0116
-0.0641
-0.1199
0.0043
0.1431
0.2371
0.3401
0.3868
0.4744
0.3420
0.1767
0.0517
-0.0271
-0.1050
-0.2057
-0.0741
0.0327
0.1212
0.1830
0.2349
0.3002
0.1192
-0.0531
-0.2362
-0.3410
-0.4202
-0.5093
-0.2621
-0.0871
0.1115
0.2335
0.3576
0.4889
0.3500
0.2498
0.1123
-0.0046
-0.0910
-0.2192
-0.0567
0.0651
0.2120
0.3049
0.3853
0.4811
0.3125
0.1531
-0.0241
-0.1713
0.3078
