year  month  day  hour obs_lon obs_lat model_lon model_lat velocity_U velocity_V wind_u wind_v
2016  4 19  0   126.004500    33.002600   126.004500    33.002600 0.0733 0.1788 5.8203 2.1727
2016  4 19  1   126.018500    33.004300   126.014400    33.008000 0.1375 0.0593 5.7669 1.6123
2016  4 19  2   126.037900    33.002100   126.026800    33.009000 0.2034 -0.0629 5.7238 1.0087
2016  4 19  3   126.059100    32.997300   126.042900    33.005500 0.2713 -0.1845 5.6540 0.6011
2016  4 19  4   126.077800    32.989800   126.056700    33.000400 0.1487 -0.1473 4.7702 -0.2803
2016  4 19  5   126.090600    32.980800   126.064600    32.995700 0.0198 -0.1054 3.9169 -1.3008
2016  4 19  6   126.094700    32.973200   126.066600    32.991200 -0.1093 -0.0623 3.0658 -2.3873
2016  4 19  7   126.091700    32.969800   126.063300    32.989800 -0.2060 0.0553 2.9771 -1.1860
2016  4 19  8   126.082000    32.971000   126.055600    32.993500 -0.3013 0.1761 2.8760 0.0481
2016  4 19  9   126.071000    32.978700   126.044200    33.002500 -0.3920 0.3045 2.7536 1.3112
2016  4 19 10   126.061500    32.989400   126.033400    33.013200 -0.2740 0.2822 2.6388 1.3199
2016  4 19 11   126.057000    32.998500   126.026900    33.023400 -0.1570 0.2627 2.5213 1.3625
2016  4 19 12   126.060500    33.005200   126.024700    33.032800 -0.0420 0.2392 2.4381 1.3921
2016  4 19 13   126.071900    33.008800   126.027900    33.039700 0.0854 0.1226 2.6407 1.0741
2016  4 19 14   126.091800    33.008200   126.036300    33.042400 0.2163 0.0046 2.8435 0.7358
2016  4 19 15   126.117800    33.003200   126.051100    33.040900 0.3499 -0.1165 3.0515 0.3833
2016  4 19 16   126.144200    32.994000   126.065900    33.038000 0.2733 -0.0966 2.9651 0.4648
2016  4 19 17   126.166800    32.984700   126.078200    33.035900 0.1924 -0.0740 2.8915 0.5407
2016  4 19 18   126.181300    32.978200   126.086500    33.034500 0.1099 -0.0500 2.8023 0.6189
2016  4 19 19   126.185600    32.974400   126.090100    33.035600 -0.0106 0.0520 1.7088 0.6804
2016  4 19 20   126.181200    32.974100   126.087300    33.040000 -0.1293 0.1558 0.6088 0.7637
2016  4 19 21   126.171700    32.978000   126.078100    33.047900 -0.2433 0.2621 -0.4785 0.8337
2016  4 19 22   126.161300    32.984400   126.068700    33.057000 -0.1607 0.2283 -0.9993 1.6140
2016  4 19 23   126.152200    32.992900   126.061300    33.065900 -0.0797 0.1955 -1.5111 2.4203
2016  4 20  0   126.147500    33.000900   126.057100    33.074700 0.0141 0.1724 -2.0193 3.2424
2016  4 20  1   126.149600    33.006900   126.055700    33.081300 0.1153 0.0379 -2.5614 3.5115
2016  4 20  2   126.156800    33.007800   126.058500    33.083700 0.2158 -0.0964 -3.1089 3.7414
2016  4 20  3   126.167900    33.004800   126.064800    33.081900 0.3207 -0.2343 -3.6585 3.9660
2016  4 20  4   126.179700    33.000100   126.070900    33.078700 0.2306 -0.2047 -3.6937 3.7153
2016  4 20  5   126.187600    32.995200   126.073000    33.076100 0.1402 -0.1772 -3.7337 3.4826
2016  4 20  6   126.188500    32.994100   126.072000    33.074400 0.0406 -0.1412 -3.7632 3.2175
2016  4 20  7   126.181400    32.997700   126.065000    33.076000 -0.0921 0.0191 -4.0222 3.2831
2016  4 20  8   126.167200    33.005700   126.052700    33.083000 -0.2228 0.1873 -4.2772 3.3466
2016  4 20  9   126.148500    33.017600   126.034600    33.095800 -0.3464 0.3665 -4.5289 3.4385
2016  4 20 10   126.127800    33.032800   126.015900    33.111700 -0.2451 0.3986 -4.8372 3.5035
2016  4 20 11   126.109300    33.049400   126.000700    33.128400 -0.1445 0.4194 -5.1785 3.5316
2016  4 20 12   126.096100    33.064600   125.988900    33.145900 -0.0491 0.4443 -5.5695 3.5399
2016  4 20 13   126.091700    33.074900   125.981000    33.161200 0.0897 0.2857 -6.4395 4.1959
2016  4 20 14   126.094100    33.079800   125.977900    33.171900 0.2277 0.1204 -7.2974 4.8657
2016  4 20 15   126.102200    33.078900   125.979600    33.177900 0.3647 -0.0473 -8.1590 5.5295
2016  4 20 16   126.113800    33.073600   125.982400    33.181200 0.3176 -0.0803 -7.7893 5.5223
2016  4 20 17   126.123800    33.066900   125.984400    33.183400 0.2731 -0.1120 -7.4182 5.4803
2016  4 20 18   126.127100    33.062900   125.985000    33.184600 0.2255 -0.1413 -7.0518 5.4543
2016  4 20 19   126.120600    33.063600   125.981000    33.188800 0.0749 0.0230 -7.2306 6.1455
2016  4 20 20   126.104900    33.070200   125.970400    33.199100 -0.0744 0.1879 -7.4137 6.8395
2016  4 20 21   126.082800    33.082900   125.953600    33.215400 -0.2178 0.3575 -7.5889 7.5104
2016  4 20 22   126.057500    33.101700   125.935500    33.235600 -0.1878 0.4118 -7.5134 7.9931
2016  4 20 23   126.034900    33.124400   125.918100    33.258100 -0.1547 0.4671 -7.4395 8.4860
2016  4 21  0   126.017700    33.148000   125.901600    33.282800 -0.1219 0.5269 -7.3423 8.9948
2016  4 21  1   126.007200    33.169300   125.889700    33.306400 0.0008 0.3836 -6.3910 9.8253
2016  4 21  2   126.005300    33.185500   125.883500    33.326000 0.1225 0.2352 -5.5368 10.6533
2016  4 21  3   126.011700    33.194900   125.883500    33.341700 0.2367 0.0899 -4.7783 11.4721
2016  4 21  4   126.025800    33.195800   125.888700    33.353700 0.2482 0.0050 -1.5076 10.4276
2016  4 21  5   126.046700    33.192800   125.898600    33.361800 0.2571 -0.0774 1.7810 9.3602
2016  4 21  6   126.067400    33.189700   125.912700    33.366300 0.2643 -0.1572 5.1332 8.3114
2016  4 21  7   126.083400    33.190200   125.926500    33.370800 0.1737 -0.0268 5.3519 6.5781
2016  4 21  8   126.092000    33.195700   125.937300    33.377800 0.0898 0.1023 5.6063 4.8400
2016  4 21  9   126.094600    33.205700   125.944700    33.387200 0.0151 0.2235 5.9311 3.0193
2016  4 21 10   126.094100    33.220300   125.952600    33.397300 0.0493 0.2495 7.1853 1.9764
2016  4 21 11   126.093100    33.237100   125.963900    33.407500 0.0813 0.2831 8.3847 1.0808
2016  4 21 12   126.094700    33.252600   125.977200    33.417700 0.1099 0.3112 9.6180 0.1955
2016  4 21 13   126.102400    33.260000   125.993700    33.424400 0.1864 0.1342 9.3196 -0.2051
2016  4 21 14   126.115600    33.255700   126.012600    33.425100 0.2536 -0.0357 8.9697 -0.6210
2016  4 21 15   126.131400    33.240800   126.034500    33.419900 0.2983 -0.2048 8.6169 -1.0860
2016  4 21 16   126.154100    33.214600   126.055700    33.410000 0.2294 -0.2837 8.1667 -2.1819
2016  4 21 17   126.179300    33.182800   126.074200    33.396400 0.1476 -0.3793 7.8013 -3.3020
2016  4 21 18   126.199200    33.156100   126.089100    33.378500 0.0552 -0.4747 7.4039 -4.4472
2016  4 21 19   126.207900    33.138400   126.100300    33.362700 -0.0037 -0.2643 6.9251 -4.6230
2016  4 21 20   126.201700    33.128800   126.108000    33.353900 -0.0213 -0.0350 6.4104 -4.7962
2016  4 21 21   126.189300    33.133000   126.114800    33.352700 -0.0133 0.2208 5.8992 -4.9877
2016  4 21 22   126.166800    33.143000   126.120900    33.359100 0.0639 0.4014 5.4074 -4.3296
2016  4 21 23   126.146200    33.155800   126.130700    33.371900 0.2012 0.5232 4.8880 -3.7071
2016  4 22  0   126.133300    33.170000   126.144300    33.386400 0.2492 0.4586 4.3255 -3.0760
2016  4 22  1   126.131100    33.182700   126.157600    33.395300 0.2297 0.2457 3.6496 -2.4267
2016  4 22  2   126.138400    33.189700   126.169800    33.399500 0.2093 0.1039 3.0069 -1.6937
2016  4 22  3   126.155100    33.185700   126.180400    33.399400 0.1351 -0.0315 2.4132 -0.9893
2016  4 22  4   126.177800    33.173400   126.187700    33.396500 0.0258 -0.1193 2.2987 -0.4406
2016  4 22  5   126.205300    33.156600   126.191200    33.391600 -0.0603 -0.1778 2.1992 0.0885
2016  4 22  6   126.234100    33.144400   126.190700    33.384800 -0.1545 -0.2344 2.1292 0.6440
2016  4 22  7   126.250200    33.135700   126.188400    33.379200 -0.1430 -0.1672 1.8758 1.2129
2016  4 22  8   126.252400    33.130500   126.187100    33.377400 -0.0480 -0.0570 1.5564 1.7878
2016  4 22  9   126.244200    33.120000   126.189100    33.379800 0.0436 0.0471 1.2369 2.3134
2016  4 22 10   126.237200    33.117700   126.193500    33.384600 0.0897 0.0888 1.7906 2.0747
2016  4 22 11   126.232500    33.134100   126.199900    33.390200 0.1134 0.1200 2.3615 1.7991
2016  4 22 12   126.222100    33.155600   126.207100    33.396600 0.1034 0.1361 2.9509 1.4917
2016  4 22 13   126.217400    33.175100   126.213500    33.402500 0.0773 0.0729 3.2821 1.5688
2016  4 22 14   126.229500    33.177300   126.219000    33.406500 0.0152 -0.0002 3.5725 1.6214