year  month  day  hour obs_lon obs_lat model_lon model_lat velocity_U velocity_V wind_u wind_v
2016  4 18 22   125.833800    33.004100   125.833800    33.004100 -0.1497 0.2521 6.2110 1.3970
2016  4 18 23   125.838100    33.017700   125.835900    33.013500 -0.0626 0.2177 5.9677 2.1494
2016  4 19  0   125.847100    33.027500   125.840400    33.022400 0.0210 0.1786 5.7229 2.9131
2016  4 19  1   125.860600    33.030700   125.848000    33.028300 0.0821 0.0593 5.7021 1.8785
2016  4 19  2   125.878300    33.030600   125.858700    33.029300 0.1453 -0.0561 5.6920 0.8302
2016  4 19  3   125.897900    33.026400   125.871700    33.025600 0.2087 -0.1687 5.6828 -0.1770
2016  4 19  4   125.915000    33.019300   125.883400    33.020500 0.1080 -0.1287 4.6217 -0.6555
2016  4 19  5   125.927600    33.009100   125.889900    33.016100 0.0055 -0.0908 3.5603 -1.2788
2016  4 19  6   125.931400    33.000400   125.891200    33.012200 -0.0976 -0.0563 2.4946 -2.0221
2016  4 19  7   125.926800    32.996000   125.888000    33.011500 -0.1750 0.0702 2.4545 -0.7904
2016  4 19  8   125.916700    32.997100   125.881200    33.016200 -0.2547 0.1974 2.4232 0.4622
2016  4 19  9   125.905200    33.004300   125.870700    33.026100 -0.3364 0.3238 2.3895 1.7277
2016  4 19 10   125.894200    33.014700   125.861200    33.037900 -0.2310 0.3031 2.2856 1.7861
2016  4 19 11   125.887800    33.025400   125.855600    33.049200 -0.1265 0.2854 2.1860 1.8609
2016  4 19 12   125.888500    33.034500   125.853800    33.060000 -0.0223 0.2722 2.0896 1.9526
2016  4 19 13   125.898200    33.040200   125.856900    33.068100 0.0873 0.1445 2.3350 1.5751
2016  4 19 14   125.913900    33.040200   125.864800    33.071600 0.2075 0.0142 2.5787 1.1718
2016  4 19 15   125.933500    33.034600   125.877900    33.070500 0.3209 -0.1163 2.8292 0.7226
2016  4 19 16   125.953700    33.025500   125.891700    33.067500 0.2419 -0.1184 2.6648 0.8192
2016  4 19 17   125.969400    33.014700   125.901800    33.064500 0.1672 -0.1157 2.5218 0.9138
2016  4 19 18   125.979500    33.007000   125.909400    33.061900 0.0897 -0.1093 2.3703 1.0278
2016  4 19 19   125.980400    33.002700   125.911800    33.061700 -0.0275 0.0160 1.4240 0.9777
2016  4 19 20   125.974500    33.003100   125.908100    33.065300 -0.1406 0.1302 0.4526 0.9384
2016  4 19 21   125.963500    33.008100   125.898800    33.072600 -0.2567 0.2397 -0.5180 0.8955
2016  4 19 22   125.951000    33.016000   125.887800    33.081600 -0.1896 0.2375 -0.9218 1.6964
2016  4 19 23   125.941500    33.027200   125.879500    33.091500 -0.1252 0.2430 -1.3131 2.5090
2016  4 20  0   125.934900    33.037300   125.872600    33.102500 -0.0610 0.2532 -1.6810 3.3676
2016  4 20  1   125.932000    33.043700   125.868400    33.111800 0.0377 0.1259 -2.2906 3.6697
2016  4 20  2   125.935300    33.046500   125.867800    33.117100 0.1334 -0.0091 -2.9181 3.9457
2016  4 20  3   125.941200    33.044800   125.870700    33.118300 0.2269 -0.1425 -3.5494 4.2010
2016  4 20  4   125.948300    33.040200   125.873100    33.117600 0.1552 -0.1399 -3.6428 3.8603
2016  4 20  5   125.952200    33.035400   125.872600    33.116700 0.0818 -0.1373 -3.7312 3.5215
2016  4 20  6   125.951000    33.033600   125.869100    33.115500 0.0073 -0.1375 -3.8189 3.1767
2016  4 20  7   125.942100    33.037200   125.861900    33.117400 -0.0980 0.0276 -4.0260 3.3298
2016  4 20  8   125.926400    33.045900   125.849800    33.124600 -0.2063 0.1840 -4.2373 3.5065
2016  4 20  9   125.906000    33.059000   125.832000    33.137200 -0.3160 0.3507 -4.4564 3.7244
2016  4 20 10   125.884100    33.075300   125.813900    33.152800 -0.2320 0.3814 -5.0343 3.7847
2016  4 20 11   125.864800    33.094100   125.798400    33.169600 -0.1415 0.4203 -5.6140 3.8416
2016  4 20 12   125.850100    33.112300   125.786000    33.188000 -0.0578 0.4714 -6.1974 3.8955
2016  4 20 13   125.842800    33.127700   125.777000    33.204400 0.0588 0.3050 -6.9178 4.6018
2016  4 20 14   125.842200    33.137800   125.772500    33.216200 0.1858 0.1438 -7.6074 5.2809
2016  4 20 15   125.845600    33.140800   125.772700    33.223600 0.3154 -0.0110 -8.2904 5.9482
2016  4 20 16   125.849900    33.137100   125.773900    33.228300 0.2720 -0.0622 -7.8610 6.0664
2016  4 20 17   125.851000    33.131600   125.774100    33.231400 0.2294 -0.1125 -7.4422 6.1789
2016  4 20 18   125.847100    33.129100   125.773800    33.233000 0.1898 -0.1628 -7.0233 6.2779
2016  4 20 19   125.837600    33.131800   125.769700    33.236900 0.0626 -0.0179 -6.8206 6.7723
2016  4 20 20   125.822600    33.140300   125.761000    33.246000 -0.0593 0.1263 -6.5593 7.2520
2016  4 20 21   125.803200    33.158400   125.746900    33.260300 -0.1737 0.2814 -6.2715 7.6853
2016  4 20 22   125.783400    33.183700   125.731600    33.278500 -0.1441 0.3503 -6.5010 8.1719
2016  4 20 23   125.767000    33.211100   125.716700    33.299300 -0.1070 0.4206 -6.7804 8.6698
2016  4 21  0   125.753300    33.238800   125.703000    33.323100 -0.0675 0.5001 -7.0284 9.1889
2016  4 21  1   125.745600    33.263400   125.693900    33.346400 0.0703 0.3737 -5.6413 10.1100
2016  4 21  2   125.745400    33.284400   125.691600    33.366400 0.2044 0.2419 -4.4167 11.0257
2016  4 21  3   125.754800    33.298900   125.696400    33.382900 0.3380 0.1047 -3.3378 11.9324
2016  4 21  4   125.772400    33.305700   125.706700    33.395600 0.3554 0.0162 -0.6182 10.6539
2016  4 21  5   125.795700    33.305300   125.720900    33.404100 0.3707 -0.0758 2.1994 9.3928
2016  4 21  6   125.818200    33.301600   125.739400    33.408300 0.3744 -0.1719 5.1439 8.1599
2016  4 21  7   125.835300    33.298100   125.757900    33.411500 0.2621 -0.0632 5.7002 5.8874
2016  4 21  8   125.847000    33.297900   125.772000    33.416000 0.1529 0.0428 6.3017 3.6068
2016  4 21  9   125.853300    33.300300   125.782600    33.421700 0.0453 0.1466 6.9096 1.3663
2016  4 21 10   125.855800    33.307100   125.792500    33.428400 0.0500 0.1969 7.7633 0.7381
2016  4 21 11   125.856800    33.316300   125.803000    33.436100 0.0532 0.2448 8.6370 0.1020
2016  4 21 12   125.861400    33.324000   125.815300    33.444700 0.0596 0.2896 9.5323 -0.5472
2016  4 21 13   125.872400    33.328500   125.830300    33.450500 0.1648 0.1307 9.3147 -0.8662
2016  4 21 14   125.890300    33.325700   125.849600    33.450800 0.2603 -0.0284 9.0581 -1.1736
2016  4 21 15   125.911700    33.312400   125.872700    33.445600 0.3457 -0.1954 8.7859 -1.4508
2016  4 21 16   125.932500    33.291700   125.896600    33.435800 0.3139 -0.2864 8.3172 -2.4722
2016  4 21 17   125.952600    33.266500   125.918500    33.422000 0.2715 -0.3757 7.8651 -3.5623
2016  4 21 18   125.968700    33.240500   125.938600    33.404100 0.2177 -0.4766 7.4485 -4.7013
2016  4 21 19   125.975300    33.219200   125.953900    33.387500 0.0708 -0.3026 6.9451 -4.6238
2016  4 21 20   125.973800    33.207100   125.962500    33.377000 -0.0658 -0.1080 6.4132 -4.5857
2016  4 21 21   125.963400    33.203900   125.964600    33.373000 -0.1971 0.0952 5.8516 -4.5501
2016  4 21 22   125.948900    33.209700   125.963800    33.374900 -0.1872 0.2392 5.5087 -3.7616
2016  4 21 23   125.935500    33.222900   125.961800    33.382000 -0.1735 0.3726 5.1424 -2.9698
2016  4 22  0   125.926500    33.240600   125.959800    33.394600 -0.1691 0.4997 4.7775 -2.1689
2016  4 22  1   125.922700    33.255800   125.960400    33.407200 -0.0429 0.3699 4.3962 -1.6111
2016  4 22  2   125.926000    33.266000   125.965500    33.416300 0.0824 0.2500 4.0116 -1.0223
2016  4 22  3   125.936600    33.269100   125.975500    33.422300 0.2025 0.1386 3.6054 -0.4217
2016  4 22  4   125.953000    33.263700   125.987400    33.425400 0.2189 0.0306 3.3762 0.4313
2016  4 22  5   125.970300    33.251700   126.000300    33.425800 0.2307 -0.0776 3.1187 1.2229
2016  4 22  6   125.986500    33.237800   126.013800    33.423400 0.2375 -0.1935 2.8916 1.9864
2016  4 22  7   125.997500    33.227100   126.024600    33.422300 0.1622 -0.0708 2.4864 2.4703
2016  4 22  8   126.003700    33.223600   126.031700    33.425600 0.0958 0.0501 2.0997 2.9930
2016  4 22  9   126.002200    33.225800   126.035800    33.433300 0.0321 0.1645 1.7104 3.5079
2016  4 22 10   125.995900    33.232300   126.038400    33.444100 0.0410 0.2421 1.9890 3.2693
2016  4 22 11   125.987400    33.244200   126.041800    33.457000 0.0514 0.3140 2.2733 3.0129
2016  4 22 12   125.981200    33.260300   126.045200    33.471900 0.0590 0.3741 2.6016 2.7820
2016  4 22 13   125.978000    33.277600   126.052000    33.485100 0.1554 0.2528 3.2853 2.7668
2016  4 22 14   125.981900    33.290200   126.063600    33.494600 0.2599 0.1424 3.9430 2.7469
2016  4 22 15   125.993000    33.295500   126.080600    33.500600 0.3645 0.0465 4.5539 2.7254
2016  4 22 16   126.009000    33.290100   126.098600    33.503400 0.3529 -0.0487 3.4191 2.5347
2016  4 22 17   126.026100    33.276600   126.115300    33.503000 0.3323 -0.1404 2.3497 2.3484
2016  4 22 18   126.041100    33.260000   126.130200    33.499500 0.2953 -0.2307 1.3178 2.1393
2016  4 22 19   126.053000    33.246900   126.141500    33.496400 0.1833 -0.1576 1.2212 2.6468
2016  4 22 20   126.057100    33.242200   126.148000    33.496100 0.0845 -0.0926 1.1551 3.2092
2016  4 22 21   126.051800    33.246000   126.150100    33.498300 -0.0127 -0.0364 1.1116 3.8279
2016  4 22 22   126.041400    33.259700   126.150500    33.503300 -0.0249 0.0562 1.4191 3.4712
2016  4 22 23   126.029000    33.280600   126.150700    33.510800 -0.0439 0.1446 1.7326 3.0820
2016  4 23  0   126.020200    33.306700   126.149800    33.520700 -0.0736 0.2301 2.1041 2.6389
2016  4 23  1   126.017400    33.332000   126.151600    33.530300 0.0331 0.2024 2.2540 1.4599
2016  4 23  2   126.018100    33.349900   126.157200    33.537800 0.1402 0.1763 2.4210 0.2385
2016  4 23  3   126.023500    33.360300   126.167700    33.543500 0.2559 0.1599 2.5418 -0.9691
2016  4 23  4   126.034600    33.363100   126.181200    33.546700 0.3076 0.0986 1.6017 -1.8104
2016  4 23  5   126.048400    33.354400   126.195700    33.547200 0.3628 0.0498 0.6709 -2.6303
2016  4 23  6   126.061200    33.337400   126.211300    33.545400 0.4176 0.0128 -0.2463 -3.4523
2016  4 23  7   126.069800    33.321300   126.224300    33.543400 0.3141 0.0207 -1.2376 -2.8158
