year  month  day  hour obs_lon obs_lat model_lon model_lat velocity_U velocity_V wind_u wind_v
2016  4 18 21   125.834600    32.839500   125.834600    32.839500 -0.2452 0.3567 6.1150 0.1045
2016  4 18 22   125.837300    32.852100   125.832500    32.850800 -0.1482 0.3151 6.0217 0.7456
2016  4 18 23   125.844400    32.863800   125.834000    32.861500 -0.0502 0.2773 5.9106 1.3734
2016  4 19  0   125.856200    32.871200   125.839100    32.871600 0.0450 0.2409 5.7832 2.0193
2016  4 19  1   125.872900    32.872500   125.847300    32.879400 0.0999 0.1290 5.6034 2.1412
2016  4 19  2   125.892800    32.869300   125.857500    32.883700 0.1574 0.0201 5.4451 2.2110
2016  4 19  3   125.913400    32.863900   125.870300    32.884600 0.2165 -0.0851 5.2864 2.3029
2016  4 19  4   125.930200    32.856900   125.881000    32.883700 0.1120 -0.0608 4.3301 0.6522
2016  4 19  5   125.942200    32.849300   125.886500    32.881900 0.0063 -0.0364 3.3738 -0.9948
2016  4 19  6   125.945800    32.840000   125.887400    32.879400 -0.1041 -0.0116 2.4025 -2.6623
2016  4 19  7   125.941400    32.834100   125.883900    32.879400 -0.1723 0.1023 2.3385 -1.4011
2016  4 19  8   125.931600    32.833200   125.877000    32.884200 -0.2436 0.2141 2.2461 -0.0961
2016  4 19  9   125.917900    32.836600   125.866700    32.894000 -0.3107 0.3266 2.1877 1.2394
2016  4 19 10   125.906400    32.843900   125.857700    32.905500 -0.2005 0.3050 2.0488 1.2973
2016  4 19 11   125.900000    32.852700   125.852900    32.916400 -0.0891 0.2839 1.9337 1.3397
2016  4 19 12   125.901200    32.860400   125.852200    32.926600 0.0227 0.2620 1.8376 1.3670
2016  4 19 13   125.910100    32.865200   125.856100    32.934200 0.1185 0.1390 2.0954 1.2795
2016  4 19 14   125.926300    32.866300   125.864100    32.937700 0.2162 0.0151 2.3502 1.1623
2016  4 19 15   125.945900    32.862600   125.876800    32.937000 0.3159 -0.1086 2.6030 1.0077
2016  4 19 16   125.965500    32.856100   125.889800    32.934500 0.2325 -0.1106 2.4724 0.9707
2016  4 19 17   125.980700    32.849300   125.898800    32.932000 0.1448 -0.1115 2.3331 0.9728
2016  4 19 18   125.990800    32.843500   125.904900    32.929500 0.0555 -0.1082 2.1887 0.9816
2016  4 19 19   125.991600    32.840500   125.905700    32.929200 -0.0575 0.0096 1.2693 0.9525
2016  4 19 20   125.985700    32.841800   125.900500    32.932700 -0.1708 0.1267 0.3292 0.9351
2016  4 19 21   125.976000    32.847800   125.889900    32.940000 -0.2828 0.2444 -0.6068 0.9286
2016  4 19 22   125.967300    32.857300   125.878100    32.949300 -0.2002 0.2452 -1.0139 1.5688
2016  4 19 23   125.960100    32.868700   125.868900    32.959200 -0.1202 0.2486 -1.4080 2.2197
2016  4 20  0   125.955500    32.879200   125.862400    32.970000 -0.0404 0.2522 -1.7930 2.8804
2016  4 20  1   125.955400    32.886300   125.859300    32.979000 0.0581 0.1352 -2.3450 3.2436
2016  4 20  2   125.959500    32.889200   125.859400    32.984600 0.1573 0.0174 -2.9098 3.6028
2016  4 20  3   125.968000    32.889300   125.862700    32.986700 0.2573 -0.1011 -3.4850 3.9562
2016  4 20  4   125.976200    32.886200   125.866200    32.987100 0.1821 -0.0992 -3.5498 3.4994
2016  4 20  5   125.980300    32.883900   125.866700    32.987200 0.1064 -0.0969 -3.6161 3.0453
2016  4 20  6   125.978300    32.884300   125.864200    32.986800 0.0315 -0.0955 -3.6795 2.5859
2016  4 20  7   125.969100    32.888600   125.857700    32.989100 -0.0826 0.0414 -3.8976 2.8517
2016  4 20  8   125.952900    32.898400   125.846100    32.996000 -0.1951 0.1792 -4.1244 3.1344
2016  4 20  9   125.932700    32.912000   125.829300    33.007700 -0.3040 0.3181 -4.3626 3.4285
2016  4 20 10   125.911800    32.929400   125.811600    33.022000 -0.2216 0.3471 -4.9908 3.4881
2016  4 20 11   125.894800    32.949300   125.796200    33.037300 -0.1433 0.3802 -5.6050 3.5488
2016  4 20 12   125.883800    32.968900   125.783100    33.053800 -0.0664 0.4185 -6.2084 3.6131
2016  4 20 13   125.880600    32.985100   125.773700    33.068800 0.0524 0.2869 -6.9393 4.2617
2016  4 20 14   125.882800    32.995500   125.768200    33.080200 0.1795 0.1527 -7.6723 4.9145
2016  4 20 15   125.889300    32.999900   125.766600    33.087800 0.3015 0.0135 -8.4031 5.5721
2016  4 20 16   125.898000    32.998400   125.766400    33.093000 0.2513 -0.0313 -7.8455 5.7878
2016  4 20 17   125.904500    32.995400   125.765600    33.097000 0.1995 -0.0751 -7.2918 5.9876
2016  4 20 18   125.904300    32.995000   125.762800    33.099700 0.1494 -0.1210 -6.7500 6.1902
2016  4 20 19   125.896800    32.997800   125.756600    33.104700 0.0156 0.0107 -6.4833 6.8266
2016  4 20 20   125.882900    33.007500   125.745000    33.114500 -0.1177 0.1378 -6.1736 7.4413
2016  4 20 21   125.864300    33.023400   125.728900    33.128900 -0.2501 0.2630 -5.7642 8.0096
2016  4 20 22   125.843200    33.044400   125.711300    33.146600 -0.2121 0.3309 -6.1640 8.3826
2016  4 20 23   125.823600    33.069300   125.694100    33.167100 -0.1717 0.4055 -6.5940 8.7999
2016  4 21  0   125.808300    33.097000   125.678000    33.190400 -0.1288 0.4790 -7.0828 9.2496
2016  4 21  1   125.798500    33.123600   125.666800    33.212700 0.0147 0.3387 -5.3469 10.1803
2016  4 21  2   125.795600    33.145500   125.662900    33.231500 0.1493 0.1964 -3.6878 11.1242
2016  4 21  3   125.802700    33.160700   125.667100    33.246600 0.2757 0.0563 -2.1290 12.0531
2016  4 21  4   125.818800    33.167600   125.675800    33.257700 0.2754 -0.0324 0.3464 10.7098
2016  4 21  5   125.842700    33.169600   125.687300    33.264700 0.2798 -0.1170 2.8716 9.3893
2016  4 21  6   125.866000    33.167100   125.703200    33.267700 0.2762 -0.2000 5.5211 8.1092
2016  4 21  7   125.885200    33.165500   125.716800    33.270300 0.1531 -0.0832 5.5348 6.4832
2016  4 21  8   125.898900    33.166200   125.725700    33.275100 0.0337 0.0334 5.5722 4.8017
2016  4 21  9   125.905100    33.169500   125.730100    33.282100 -0.0842 0.1514 5.6363 3.0851
2016  4 21 10   125.907100    33.177700   125.734200    33.290100 -0.0564 0.1992 6.8274 1.9423
2016  4 21 11   125.908700    33.186200   125.740100    33.298700 -0.0264 0.2467 8.0347 0.7826
2016  4 21 12   125.913400    33.192600   125.749100    33.307600 0.0003 0.2936 9.2079 -0.2996
2016  4 21 13   125.925000    33.193100   125.761700    33.313400 0.1173 0.1197 9.1717 -0.5672
2016  4 21 14   125.942700    33.183500   125.779300    33.313300 0.2328 -0.0580 9.1156 -0.8269
2016  4 21 15   125.964800    33.166000   125.802000    33.307100 0.3479 -0.2418 9.0673 -1.0684
2016  4 21 16   125.989500    33.141600   125.825900    33.295700 0.3112 -0.3401 8.6465 -2.2921
2016  4 21 17   126.014000    33.113200   125.848400    33.280000 0.2657 -0.4330 8.2548 -3.5473
2016  4 21 18   126.032300    33.084500   125.868600    33.260100 0.2154 -0.5191 7.8797 -4.8304
2016  4 21 19   126.039900    33.061000   125.883400    33.242700 0.0416 -0.2998 7.2776 -4.7175
2016  4 21 20   126.037000    33.046900   125.890300    33.232200 -0.1261 -0.0938 6.6361 -4.6266
2016  4 21 21   126.025900    33.039900   125.889300    33.228200 -0.2966 0.1023 5.9672 -4.5441
2016  4 21 22   126.009500    33.041200   125.884600    33.230100 -0.2853 0.2343 5.6425 -3.5866
2016  4 21 23   125.993000    33.048700   125.878900    33.237200 -0.2703 0.3711 5.3020 -2.6286
2016  4 22  0   125.980000    33.057900   125.873400    33.249800 -0.2553 0.5142 4.9616 -1.6629
2016  4 22  1   125.972900    33.066500   125.871200    33.262400 -0.1034 0.3795 4.5895 -1.4398
2016  4 22  2   125.974000    33.072900   125.874400    33.270900 0.0493 0.2479 4.2403 -1.2163
2016  4 22  3   125.982900    33.073700   125.883700    33.275300 0.2009 0.1120 3.8769 -0.9801
2016  4 22  4   125.999400    33.069000   125.896300    33.276500 0.2217 0.0003 3.7580 -0.0929
2016  4 22  5   126.017900    33.059600   125.910200    33.274900 0.2412 -0.1076 3.6569 0.7588
2016  4 22  6   126.035500    33.050100   125.924100    33.270600 0.2642 -0.2143 3.5490 1.5979
2016  4 22  7   126.047800    33.043700   125.935900    33.268300 0.1432 -0.0682 3.2090 2.2359
2016  4 22  8   126.053500    33.041600   125.941600    33.271500 0.0270 0.0805 2.8520 2.9339
2016  4 22  9   126.051000    33.042100   125.942500    33.280100 -0.0868 0.2258 2.5102 3.6440
2016  4 22 10   126.044100    33.046600   125.940300    33.292300 -0.0765 0.3149 2.4399 3.2551
2016  4 22 11   126.034500    33.056300   125.938800    33.307100 -0.0744 0.4053 2.3839 2.9083
2016  4 22 12   126.027200    33.071400   125.937100    33.324700 -0.0641 0.4904 2.3285 2.5899
2016  4 22 13   126.024300    33.085600   125.938900    33.340000 0.0691 0.3185 3.0939 2.5957
2016  4 22 14   126.030300    33.095400   125.947400    33.349900 0.1985 0.1510 3.8820 2.5336
2016  4 22 15   126.046300    33.097100   125.962100    33.354200 0.3170 -0.0282 4.6668 2.4597
2016  4 22 16   126.070000    33.090900   125.978700    33.353100 0.2899 -0.1764 3.8581 2.2555
2016  4 22 17   126.095700    33.081000   125.994400    33.347000 -0.2093 0.3306 6.1960 0.0644
