year  month  day  hour obs_lon obs_lat model_lon model_lat velocity_U velocity_V wind_u wind_v
2016  4 18 23   126.000600    33.169500   126.000600    33.169500 -0.0099 0.2075 6.0221 2.3802
2016  4 19  0   126.007400    33.178700   126.007800    33.177800 0.0629 0.1425 5.8157 3.1360
2016  4 19  1   126.020400    33.181300   126.017100    33.181700 0.1134 -0.0057 5.7996 1.1240
2016  4 19  2   126.038800    33.177800   126.029700    33.178800 0.1799 -0.1523 5.8156 -0.8619
2016  4 19  3   126.059900    33.168300   126.045700    33.169200 0.2623 -0.2966 5.8761 -2.7217
2016  4 19  4   126.078300    33.156400   126.059700    33.158600 0.1597 -0.2244 4.9134 -2.3756
2016  4 19  5   126.089100    33.144500   126.069200    33.150700 0.0535 -0.1528 3.9826 -2.1033
2016  4 19  6   126.093000    33.136800   126.072700    33.145200 -0.0617 -0.0837 3.0603 -1.9834
2016  4 19  7   126.090100    33.134800   126.071000    33.144100 -0.1618 0.0672 2.8986 -0.8505
2016  4 19  8   126.082700    33.140900   126.064900    33.149000 -0.2593 0.2223 2.7372 0.2840
2016  4 19  9   126.071400    33.149900   126.054300    33.160100 -0.3503 0.3866 2.5727 1.4311
2016  4 19 10   126.059900    33.159600   126.044700    33.173400 -0.2365 0.3507 2.4758 1.5469
2016  4 19 11   126.052100    33.168000   126.039400    33.185800 -0.1260 0.3126 2.3705 1.6753
2016  4 19 12   126.051200    33.172200   126.038000    33.196900 -0.0210 0.2726 2.2637 1.8220
2016  4 19 13   126.057800    33.170500   126.041400    33.204000 0.1070 0.1013 2.4808 1.1487
2016  4 19 14   126.072100    33.162200   126.051200    33.204800 0.2436 -0.0794 2.7378 0.4450
2016  4 19 15   126.092400    33.147300   126.067400    33.199000 0.3980 -0.2640 3.0223 -0.2439
2016  4 19 16   126.114700    33.129800   126.085300    33.191000 0.3438 -0.2390 2.7865 -0.1723
2016  4 19 17   126.133900    33.114000   126.100000    33.183700 0.2709 -0.2099 2.5459 -0.1409
2016  4 19 18   126.144500    33.101400   126.111500    33.177500 0.1845 -0.1800 2.3163 -0.1642
2016  4 19 19   126.144000    33.094400   126.117400    33.174700 0.0289 -0.0231 1.3619 0.0100
2016  4 19 20   126.133400    33.092100   126.115100    33.177000 -0.1247 0.1325 0.3343 0.1872
2016  4 19 21   126.117800    33.097100   126.105800    33.184500 -0.2704 0.2924 -0.6563 0.3541
2016  4 19 22   126.101900    33.106500   126.094800    33.194300 -0.1904 0.2605 -1.1225 1.4301
2016  4 19 23   126.088100    33.117600   126.085900    33.204000 -0.1260 0.2292 -1.5607 2.5623
2016  4 20  0   126.081100    33.129300   126.079200    33.213900 -0.0723 0.2030 -1.9889 3.7409
2016  4 20  1   126.080100    33.136900   126.074500    33.220900 0.0311 0.0318 -2.5653 3.9738
2016  4 20  2   126.083700    33.138700   126.074100    33.222700 0.1355 -0.1446 -3.1613 4.1799
2016  4 20  3   126.092300    33.135400   126.077700    33.219000 0.2442 -0.3207 -3.7544 4.3653
2016  4 20  4   126.102900    33.127700   126.081500    33.213800 0.1904 -0.2712 -3.8436 4.1932
2016  4 20  5   126.110300    33.120400   126.082400    33.210100 0.1246 -0.2165 -3.9290 4.0468
2016  4 20  6   126.110700    33.116200   126.081200    33.208000 0.0576 -0.1594 -4.0053 3.8800
2016  4 20  7   126.102000    33.117400   126.074800    33.210600 -0.0637 0.0502 -4.3167 3.7705
2016  4 20  8   126.085100    33.125500   126.063000    33.219900 -0.1691 0.2639 -4.6346 3.6806
2016  4 20  9   126.063200    33.139600   126.047200    33.235900 -0.2585 0.4737 -4.9367 3.6120
2016  4 20 10   126.040300    33.158100   126.031000    33.254400 -0.1644 0.4683 -5.0517 3.6972
2016  4 20 11   126.020300    33.179000   126.018400    33.273100 -0.0851 0.4767 -5.1743 3.7960
2016  4 20 12   126.004900    33.199000   126.008200    33.292400 -0.0062 0.4935 -5.3230 3.9752
2016  4 20 13   125.996600    33.215100   126.001500    33.308500 0.0944 0.2848 -6.2554 4.6585
2016  4 20 14   125.994100    33.224300   125.998500    33.318600 0.1869 0.0795 -7.1925 5.2778
2016  4 20 15   125.996300    33.224300   125.998000    33.322600 0.2726 -0.1246 -8.1033 5.8856
2016  4 20 16   126.000100    33.217900   125.998000    33.323300 0.2235 -0.1659 -7.8765 5.8669
2016  4 20 17   126.002500    33.210300   125.996400    33.322700 0.1744 -0.2071 -7.6497 5.8482
2016  4 20 18   125.998900    33.205800   125.993200    33.320800 0.1285 -0.2465 -7.4168 5.8478
2016  4 20 19   125.989700    33.207700   125.986800    33.322600 0.0229 -0.0400 -7.6321 6.3633
2016  4 20 20   125.974500    33.216100   125.974900    33.331400 -0.0841 0.1565 -7.8449 6.9001
2016  4 20 21   125.954800    33.233700   125.958700    33.346800 -0.1850 0.3423 -7.9848 7.4156
2016  4 20 22   125.933500    33.258000   125.940900    33.366400 -0.1397 0.4062 -7.7105 7.9595
2016  4 20 23   125.916300    33.285200   125.924900    33.388700 -0.1015 0.4727 -7.4771 8.5081
2016  4 21  0   125.902700    33.313500   125.910700    33.413600 -0.0608 0.5345 -7.2783 9.0610
2016  4 21  1   125.894700    33.339900   125.900000    33.437400 0.0744 0.4011 -6.6710 9.9123
2016  4 21  2   125.893600    33.362000   125.896200    33.457700 0.1953 0.2684 -6.1765 10.7647
2016  4 21  3   125.900800    33.377200   125.897700    33.474800 0.3167 0.1422 -5.7734 11.6328
2016  4 21  4   125.914800    33.384200   125.904400    33.488400 0.3504 0.0718 -2.4227 10.4288
2016  4 21  5   125.934600    33.384700   125.916600    33.498600 0.3758 -0.0005 0.9700 9.1809
2016  4 21  6   125.954000    33.381100   125.934300    33.505100 0.3915 -0.0711 4.3913 7.9523
2016  4 21  7   125.969900    33.379100   125.952300    33.510800 0.3030 0.0195 5.1926 5.8330
2016  4 21  8   125.982600    33.381700   125.968000    33.517300 0.2199 0.1025 6.0025 3.7573
2016  4 21  9   125.990500    33.387800   125.981600    33.524200 0.1409 0.1764 6.8535 1.6861
2016  4 21 10   125.996200    33.398700   125.994500    33.531400 0.1530 0.1895 7.8223 1.1828
2016  4 21 11   126.002200    33.411100   126.009400    33.538500 0.1601 0.2013 8.7875 0.7069
2016  4 21 12   126.011800    33.421000   126.025900    33.545500 0.1698 0.2070 9.7807 0.2768
2016  4 21 13   126.026300    33.425500   126.044700    33.549800 0.2564 0.0839 9.3430 -0.1142
2016  4 21 14   126.043900    33.422300   126.066700    33.549900 0.3395 -0.0259 8.8832 -0.5287
2016  4 21 15   126.061500    33.411100   126.092000    33.546200 0.4124 -0.1222 8.3727 -0.9712
2016  4 21 16   126.077100    33.393000   126.117100    33.539800 0.3784 -0.1637 7.8050 -1.8132
2016  4 21 17   126.089800    33.369800   126.140000    33.531100 0.3360 -0.2048 7.2874 -2.6888
2016  4 21 18   126.096800    33.344000   126.160800    33.520200 0.2709 -0.2489 6.8027 -3.6273
2016  4 21 19   126.099500    33.321700   126.176700    33.509700 0.1378 -0.1700 6.2489 -3.8697
2016  4 21 20   126.098300    33.309700   126.187300    33.501300 0.0245 -0.1013 5.6926 -4.1582
2016  4 21 21   126.095900    33.311300   126.192800    33.494700 -0.0663 -0.0481 5.1727 -4.4723
2016  4 21 22   126.096000    33.326500   126.196900    33.490500 -0.0332 0.0369 4.7403 -3.8938
2016  4 21 23   126.101400    33.348700   126.201200    33.489600 -0.0038 0.1134 4.3192 -3.2910
2016  4 22  0   126.112300    33.370200   126.205600    33.491800 0.0112 0.1797 3.9108 -2.6625
2016  4 22  1   126.127400    33.385400   126.212000    33.495600 0.1080 0.1809 3.3293 -1.7626
2016  4 22  2   126.142400    33.390600   126.220900    33.500200 0.2066 0.1861 2.7555 -0.8063
2016  4 22  3   126.152200    33.389700   126.233500    33.506000 0.3273 0.1991 2.1391 0.1548
2016  4 22  4   126.157300    33.380900   126.247700    33.512000 0.3341 0.1565 1.9248 0.7682
2016  4 22  5   126.156600    33.366400   126.262600    33.517400 0.3716 0.1198 1.7127 1.3585
2016  4 22  6   126.151400    33.350800   126.278700    33.522500 0.4015 0.0871 1.5234 1.9313
2016  4 22  7   126.143400    33.338200   126.293100    33.527200 0.3021 0.0686 1.4562 2.4837
2016  4 22  8   126.139700    33.335400   126.303600    33.531900 0.1984 0.0496 1.4502 3.0527

