1.3970
2.1494
2.9131
1.8785
0.8302
-0.1770
-0.6555
-1.2788
-2.0221
-0.7904
0.4622
1.7277
1.7861
1.8609
1.9526
1.5751
1.1718
0.7226
0.8192
0.9138
1.0278
0.9777
0.9384
0.8955
1.6964
2.5090
3.3676
3.6697
3.9457
4.2010
3.8603
3.5215
3.1767
3.3298
3.5065
3.7244
3.7847
3.8416
3.8955
4.6018
5.2809
5.9482
6.0664
6.1789
6.2779
6.7723
7.2520
7.6853
8.1719
8.6698
9.1889
10.1100
11.0257
11.9324
10.6539
9.3928
8.1599
5.8874
3.6068
1.3663
0.7381
0.1020
-0.5472
-0.8662
-1.1736
-1.4508
-2.4722
-3.5623
-4.7013
-4.6238
-4.5857
-4.5501
-3.7616
-2.9698
-2.1689
-1.6111
-1.0223
-0.4217
0.4313
1.2229
1.9864
2.4703
2.9930
3.5079
3.2693
3.0129
2.7820
2.7668
2.7469
2.7254
2.5347
2.3484
2.1393
2.6468
3.2092
3.8279
3.4712
3.0820
2.6389
1.4599
0.2385
-0.9691
-1.8104
-2.6303
-3.4523
-2.8158
