5.8203
5.7669
5.7238
5.6540
4.7702
3.9169
3.0658
2.9771
2.8760
2.7536
2.6388
2.5213
2.4381
2.6407
2.8435
3.0515
2.9651
2.8915
2.8023
1.7088
0.6088
-0.4785
-0.9993
-1.5111
-2.0193
-2.5614
-3.1089
-3.6585
-3.6937
-3.7337
-3.7632
-4.0222
-4.2772
-4.5289
-4.8372
-5.1785
-5.5695
-6.4395
-7.2974
-8.1590
-7.7893
-7.4182
-7.0518
-7.2306
-7.4137
-7.5889
-7.5134
-7.4395
-7.3423
-6.3910
-5.5368
-4.7783
-1.5076
1.7810
5.1332
5.3519
5.6063
5.9311
7.1853
8.3847
9.6180
9.3196
8.9697
8.6169
8.1667
7.8013
7.4039
6.9251
6.4104
5.8992
5.4074
4.8880
4.3255
3.6496
3.0069
2.4132
2.2987
2.1992
2.1292
1.8758
1.5564
1.2369
1.7906
2.3615
2.9509
3.2821
3.5725
