-0.3394
0.2111
0.7993
1.3630
1.6618
1.9440
2.2345
0.5560
-1.1122
-2.7939
-1.6418
-0.4690
0.7359
0.7947
0.8337
0.8255
0.7936
0.7309
0.6794
0.7083
0.7269
0.7522
0.7347
0.7335
0.7420
1.4115
2.0625
2.7389
3.0971
3.4445
3.7766
3.3885
3.0046
2.6206
2.8322
3.0674
3.3126
3.3445
3.3813
3.4169
4.0049
4.5987
5.1794
5.3178
5.4435
5.5577
6.3514
7.1254
7.8786
8.2221
8.5980
9.0066
9.8625
10.7203
11.5661
10.4519
9.3761
8.3404
7.0175
5.6963
4.2431
2.8756
1.5473
0.2801
-0.0919
-0.4867
-0.9375
-2.1750
-3.4132
-4.6414
-4.6563
-4.6970
-4.7346
-4.0280
-3.3124
-2.6098
-2.2118
-1.8391
-1.4775
-0.7163
-0.0580
0.5197
1.1501
1.8459
2.5933
2.2335
1.8731
1.6280
1.8875
2.0525
2.1769
1.6985
1.1520
-0.7099
