-0.9270
-0.7895
-0.2844
0.2171
0.7062
1.1382
1.5853
2.0473
0.4168
-1.2256
-2.8880
-1.9096
-0.9113
0.1608
0.1970
0.2160
0.2402
0.3471
0.4250
0.5153
0.5016
0.4956
0.4975
0.5055
0.5134
0.5528
1.2080
1.8622
2.5094
2.8978
3.2954
3.6791
3.3705
3.0680
2.7556
2.8807
3.0255
3.1811
3.2425
3.2945
3.3381
3.7467
4.1824
4.6027
4.7055
4.8099
4.9009
5.7183
6.5382
7.3547
7.7772
8.1967
8.6329
9.4627
10.2484
11.0207
10.1197
9.2591
8.4328
7.2993
6.1596
4.9966
3.6932
2.4194
1.1779
0.4490
-0.3380
-1.2657
-2.4377
-3.4823
-4.4291
-4.5758
-4.7483
-4.9419
-4.4664
-3.9691
-3.4814
-3.0883
-2.7441
-2.4769
-2.0012
-1.4893
-0.9618
-0.2415
0.5314
1.4706
1.3870
1.1166
0.7638
1.0826
1.3775
1.6545
-1.4331
