5.9224
5.6320
5.6218
5.6099
5.6534
4.6448
3.5860
2.5151
2.4823
2.4352
2.3823
2.2922
2.2073
2.1288
2.3332
2.5653
2.7988
2.5755
2.3594
2.1434
1.2634
0.3359
-0.5755
-0.9195
-1.2423
-1.5284
-2.1812
-2.8459
-3.5187
-3.6433
-3.7628
-3.8770
-4.1058
-4.3328
-4.5624
-5.0896
-5.6433
-6.2148
-6.8861
-7.5273
-8.1570
-7.8383
-7.5264
-7.2193
-7.1036
-6.9703
-6.7730
-6.8210
-6.9055
-6.9529
-6.0157
-5.2441
-4.6052
-1.6943
1.3025
4.4233
5.4202
6.4556
7.5405
8.1955
8.8979
9.5961
9.2799
8.9352
8.5486
8.0473
7.5686
7.0936
6.6264
6.1467
5.6663
5.3129
4.9662
4.6164
4.1896
3.7310
3.2463
2.9408
2.6049
2.2596
1.9229
1.6212
1.3613
1.9634
2.5853
3.1948
3.4029
3.5075
3.4803
2.8756
2.4640
2.1927
2.1412
2.1323
2.0362
2.4503
2.9546
3.3642
3.4498
3.5407
3.7012
2.8047
1.9750
1.1053
-0.3523
-1.8955
