6.0412
5.9728
5.9007
5.8075
5.6406
5.4757
5.3103
4.5087
3.7143
2.9278
2.8607
2.7601
2.6829
2.5187
2.3789
2.2496
2.4556
2.6545
2.8430
2.7567
2.6924
2.6090
1.5012
0.4076
-0.6413
-1.0558
-1.5253
-1.9981
-2.4959
-3.0037
-3.5045
-3.5282
-3.5524
-3.5765
-3.7995
-4.0252
-4.2499
-4.7624
-5.2977
-5.8427
-6.6422
-7.4368
-8.2097
-7.6714
-7.1396
-6.6018
-6.6900
-6.7948
-6.8188
-6.9548
-7.1223
-7.3404
-5.9279
-4.5649
-3.2908
-0.4399
2.5187
5.5748
5.5057
5.4451
5.4268
6.7409
8.0722
9.3926
9.3176
9.2399
9.1991
8.8127
8.4506
8.1312
7.6411
7.1120
6.5574
6.1139
5.6590
5.2158
4.5865
4.0026
3.4100
3.3329
3.3139
3.3093
2.9277
2.5269
2.0836
2.3312
2.6238
2.9376
3.3985
3.3543
4.6436
4.2480
3.0082
