6.2110
5.9677
5.7229
5.7021
5.6920
5.6828
4.6217
3.5603
2.4946
2.4545
2.4232
2.3895
2.2856
2.1860
2.0896
2.3350
2.5787
2.8292
2.6648
2.5218
2.3703
1.6583
0.7682
-0.2181
-0.9218
-1.3131
-1.6810
-2.2906
-2.9181
-3.5494
-3.6428
-3.7312
-3.8189
-4.0260
-4.2373
-4.4564
-5.0343
-5.6140
-6.1974
-6.9178
-7.6074
-8.2904
-7.8610
-7.4422
-7.0233
-6.8206
-6.5593
-6.2715
-6.5010
-6.7804
-7.0284
-5.7100
-4.4941
-3.3068
-0.7157
2.1533
5.1313
5.7002
6.3017
6.9096
7.7633
8.6370
9.5323
9.3147
9.0581
8.7859
8.3172
7.8651
7.4485
6.9451
6.4132
5.8516
5.5087
5.1424
4.7775
4.3962
4.0116
3.6054
3.3762
3.1187
2.8916
2.4864
2.0997
1.7104
1.9890
2.2733
2.6016
3.1590
3.8792
4.4202
3.5064
2.3217
1.2289
1.2212
1.1551
1.1116
1.4191
1.7326
2.1041
2.2540
2.4210
2.5418
1.6015
0.6312
-0.2572
