-6.1225
-6.7701
-7.1227
-7.4649
-7.7944
-8.1008
-8.3910
-8.7047
-9.0360
-9.3597
-9.6770
-9.9946
-10.2892
-10.5513
-10.7833
-11.0123
-11.2298
-10.9538
-10.7202
-10.4859
-10.0276
-9.2208
-7.9078
-6.9761
-6.0957
-5.6805
-5.8130
-5.9596
-6.0945
-6.2318
-6.3989
-6.5409
-6.7185
-6.9030
-7.0955
-7.2963
-7.4567
-7.6183
-7.7256
-7.8268
-7.8658
-7.4993
-7.3372
-6.9637
-5.4877
-4.0912
-2.7107
-1.3509
-0.3054
0.7350
1.1016
1.4961
1.8758
2.2639
2.6000
2.9058
3.1882
3.4336
3.6718
3.8973
4.1098
4.3189
4.5132
4.6568
4.7741
5.3128
5.9202
6.6063
6.6720
6.7335
6.7821
6.0676
5.3604
4.6447
4.5280
4.4063
4.2782
4.1425
4.0029
3.8513
3.7038
3.5539
3.4022
3.2489
3.1042
2.9377
2.7681
2.5968
2.4077
2.6246
2.8702
3.1331
3.1036
3.0686
3.0319
2.7009
2.3493
1.9172
1.5898
1.1603
0.9766
0.8050
0.6248
0.4337
0.2427
0.0603
-0.1231
-0.3177
-0.5128
-0.7160
-0.9126
