-0.2248
-0.1183
-0.0103
0.1056
0.1787
0.2501
0.3197
0.1965
0.0681
0.0050
-0.0141
-0.2265
-0.3977
-0.2712
-0.1622
-0.0832
0.1121
0.0642
0.2878
0.2116
0.2127
0.2365
0.1071
-0.0139
-0.1387
-0.1058
-0.0838
-0.0716
0.0410
0.1509
0.2585
0.2385
0.2201
0.2024
0.0588
-0.0809
-0.2187
-0.2351
-0.2501
-0.2664
-0.1358
-0.0069
0.1246
0.1758
0.2270
0.2782
0.1464
0.0155
-0.1133
-0.1540
-0.1965
-0.2415
-0.1348
-0.0244
0.0898
0.1366
0.1804
0.2239
0.0766
-0.0724
-0.2214
-0.2640
-0.3058
-0.3429
-0.1986
-0.0610
0.0711
0.1429
0.2219
0.3009
0.1567
0.0107
-0.1362
-0.2009
-0.2651
-0.3233
-0.2015
-0.0729
0.0594
0.1128
0.1642
0.2149
0.0679
-0.0808
-0.2287
-0.2704
-0.3125
-0.3574
-0.1946
-0.0265
0.1450
0.2243
0.3024
0.3774
0.2185
0.0592
-0.1016
-0.1847
-0.2660
-0.3460
-0.2007
-0.0523
0.0969
0.1682
0.2385
0.3103
0.1470
-0.0159
-0.1812
-0.2610
-0.3386
-0.4151
