-0.0933
-0.0046
0.0841
0.1726
0.1516
0.1319
0.1153
0.0689
0.0234
-0.0223
0.0058
0.0313
0.0537
0.1198
0.1852
0.2481
0.2255
0.2100
0.2031
0.1226
0.0415
-0.0396
-0.0712
-0.1053
-0.1397
-0.0472
0.0449
0.1345
0.1853
0.2378
0.2926
0.2234
0.1540
0.0870
0.0278
-0.0322
-0.0955
-0.0486
-0.0021
0.0445
0.0939
0.1426
0.1931
0.1185
0.0466
-0.0252
-0.1087
-0.1935
-0.2791
-0.2173
-0.1543
-0.0937
0.0130
0.1154
0.2166
0.1697
0.1237
0.0784
-0.0135
-0.1039
-0.1917
-0.1674
-0.1419
-0.1111
-0.0282
0.0526
0.1292
0.0794
0.0286
-0.0241
-0.0996
-0.1728
-0.2413
-0.1754
-0.1090
-0.0367
0.0611
0.1591
0.2522
0.1958
0.1377
0.0775
-0.0077
-0.0911
-0.1714
-0.1247
-0.0727
-0.0196
0.0597
0.1384
0.2131
0.1336
0.0562
-0.0210
-0.0930
-0.1655
-0.2351
-0.1492
-0.0611
0.0307
0.1293
0.2283
0.3233
0.2419
0.1596
0.0775
-0.0168
-0.1133
-0.2073
-0.1421
-0.0714
0.0087
0.0862
0.1685
0.2494
0.1605
0.0745
-0.0136
-0.1000
-0.1821
-0.2613
-0.1585
-0.0543
0.0507
0.1549
0.2594
0.3643
0.2849
0.2062
0.1273
0.0087
-0.1074
-0.2237
-0.1690
-0.1129
-0.0533
0.0403
0.1318
0.2238
0.1504
0.0778
0.0054
-0.0970
-0.1998
-0.3025
-0.2110
-0.1174
-0.0224
0.1063
0.2312
0.3569
0.2984
0.2436
0.1933
0.0606
-0.0707
-0.2029
-0.1823
-0.1630
-0.1423
-0.0418
0.0598
0.1587
0.1205
0.0842
0.0500
-0.0625
-0.1746
-0.2856
-0.2355
-0.1855
-0.1345
0.0063
0.1463
0.2819
0.2731
0.2667
0.2649
0.1428
0.0187
-0.1119
-0.1456
-0.1820
-0.2163
-0.1339
-0.0504
0.0329
0.0342
0.0330
0.0303
-0.0850
-0.2008
-0.3183
-0.2999
-0.2706
-0.2246
-0.0816
0.0593
0.2023
0.2185
0.2348
0.2490
0.1150
-0.0199
-0.1551
-0.1877
-0.2170
-0.2429
-0.1418
-0.0379
0.0670
0.0735
0.0805
0.0861
-0.0325
-0.1518
-0.2730
-0.2615
-0.2488
-0.2334
-0.0777
0.0795
0.2352
0.2653
0.2987
0.3347
0.2076
0.0841
-0.0400
-0.0996
-0.1610
-0.2226
-0.1395
-0.0564
0.0268
0.0627
0.0985
0.1356
