-2.6969
-3.4135
-4.1103
-4.7522
-5.2772
-5.8076
-6.3471
-6.9039
-7.4778
-8.1480
-8.8280
-9.5027
-10.0804
-10.5974
-11.0911
-11.5548
-11.4405
-11.3247
-11.1890
-10.3494
-9.5897
-8.7951
-8.3760
-7.8670
-7.2616
-7.1116
-6.9776
-6.8550
-6.8151
-6.7691
-6.7549
-6.8067
-6.8776
-6.9128
-6.9513
-7.0016
-7.0242
-6.9515
-6.9458
-6.8102
-6.3361
-5.8681
-5.4595
-4.2789
-3.0983
-1.9178
-0.7389
0.4970
1.7188
1.9886
2.2523
2.5066
2.7746
2.9903
3.1894
3.3456
3.4560
3.5647
3.6487
3.7281
3.7849
3.8258
3.8318
3.8124
4.6714
5.5381
6.4369
6.5333
6.6501
6.7828
6.1521
5.5229
4.8951
4.7347
4.5708
4.4032
4.2386
4.0753
3.9130
3.7666
3.6194
3.4714
3.3209
3.1618
2.9965
2.8052
2.6257
2.4427
2.6869
2.9412
3.1997
3.1589
3.1282
3.1136
2.5776
2.0324
1.4898
1.3337
1.1936
1.0684
0.9360
0.8228
0.6905
0.5642
0.4237
0.2628
0.1200
-0.0471
-0.1701
-0.2907
-0.3839
-0.4683
