3.3513
3.1275
3.2272
3.3273
3.4455
3.5250
3.5666
3.6312
3.7031
3.7563
3.7954
3.8791
3.9750
4.1001
4.2246
4.3280
4.4395
5.0247
5.7294
6.2560
6.3483
6.1964
5.8318
5.6170
5.4733
5.3261
4.6056
3.8002
3.1357
2.4802
1.7322
1.0745
0.3508
-0.3567
-1.0463
-1.7220
-2.3511
-2.9851
-3.6016
-4.2383
-4.8936
-4.6799
-4.4866
-4.3022
-4.6486
-4.9868
-5.3273
-6.0161
-6.7716
-7.5233
-7.6528
-7.7683
-7.8755
-7.9835
-8.0839
-8.1687
-8.2553
-8.3343
-8.4341
-8.5349
-8.6368
-8.7479
-8.8683
-8.9828
-9.0965
-8.9656
-8.6810
-8.3338
-8.4855
-8.6848
-9.0836
-9.4105
-9.6922
-9.9399
-10.3251
-10.0985
-9.8923
-9.6783
-9.4780
-9.2744
-9.0909
-8.9060
-8.7226
-8.5429
-8.3686
-8.1936
-8.0251
-7.8702
-7.7186
-7.3463
-6.9478
-6.5354
-6.4901
-6.4497
-6.3989
-6.6874
-6.9942
-7.3211
-7.1537
-7.0027
-6.8280
-6.6336
-6.4363
-6.2298
-6.0248
-5.8170
-5.6132
-5.4149
-5.2274
-5.0404
-4.8551
