-5.7324
-6.3361
-6.9122
-7.1070
-7.2903
-7.4622
-7.6273
-7.7877
-7.9703
-8.1525
-8.3368
-8.5211
-8.6772
-8.8250
-8.9546
-9.0641
-9.1689
-9.2747
-9.2592
-9.2903
-9.2664
-8.7478
-7.7903
-6.4408
-5.9699
-5.8303
-5.6460
-5.3355
-5.0960
-4.9038
-4.7531
-4.7345
-4.6856
-4.8056
-4.8272
-4.8085
-4.8092
-4.8327
-4.7787
-4.6484
-4.4546
-4.2629
-4.0242
-3.8175
-3.7812
-3.0521
-1.9916
-0.7080
0.3924
1.8684
3.0179
3.1201
3.2567
3.3788
3.5150
3.6064
3.6839
3.7408
3.7812
3.8062
3.8276
3.8408
3.8472
3.8437
3.8221
3.8022
4.2424
5.1454
6.1029
6.5074
6.5997
6.6995
5.9897
5.2748
4.5530
4.3514
4.1546
3.9418
3.7376
3.5399
3.3664
3.2211
3.0763
2.9377
2.7988
2.6551
2.5105
2.3708
2.2312
2.0998
2.4440
2.7852
3.0254
3.0732
3.0302
2.9929
2.6902
2.2171
1.7457
1.4428
1.2779
1.1117
0.9537
0.7977
0.6520
0.5125
0.3709
0.2396
