0.1770 0.1339 0.0909 0.0481 -0.0162 -0.0849 -0.1547 -0.1330 -0.1125 -0.0935 -0.0065
0.1339 0.0909 0.0481 -0.0162 -0.0849 -0.1547 -0.1330 -0.1125 -0.0935 -0.0065 0.0794
0.0909 0.0481 -0.0162 -0.0849 -0.1547 -0.1330 -0.1125 -0.0935 -0.0065 0.0794 0.1645
0.0481 -0.0162 -0.0849 -0.1547 -0.1330 -0.1125 -0.0935 -0.0065 0.0794 0.1645 0.1434
-0.0162 -0.0849 -0.1547 -0.1330 -0.1125 -0.0935 -0.0065 0.0794 0.1645 0.1434 0.1217
-0.0849 -0.1547 -0.1330 -0.1125 -0.0935 -0.0065 0.0794 0.1645 0.1434 0.1217 0.0996
-0.1547 -0.1330 -0.1125 -0.0935 -0.0065 0.0794 0.1645 0.1434 0.1217 0.0996 0.0042
-0.1330 -0.1125 -0.0935 -0.0065 0.0794 0.1645 0.1434 0.1217 0.0996 0.0042 -0.0938
-0.1125 -0.0935 -0.0065 0.0794 0.1645 0.1434 0.1217 0.0996 0.0042 -0.0938 -0.1931
-0.0935 -0.0065 0.0794 0.1645 0.1434 0.1217 0.0996 0.0042 -0.0938 -0.1931 -0.1868
-0.0065 0.0794 0.1645 0.1434 0.1217 0.0996 0.0042 -0.0938 -0.1931 -0.1868 -0.1784
0.0794 0.1645 0.1434 0.1217 0.0996 0.0042 -0.0938 -0.1931 -0.1868 -0.1784 -0.1687
0.1645 0.1434 0.1217 0.0996 0.0042 -0.0938 -0.1931 -0.1868 -0.1784 -0.1687 -0.0706
0.1434 0.1217 0.0996 0.0042 -0.0938 -0.1931 -0.1868 -0.1784 -0.1687 -0.0706 0.0274
0.1217 0.0996 0.0042 -0.0938 -0.1931 -0.1868 -0.1784 -0.1687 -0.0706 0.0274 0.1237
0.0996 0.0042 -0.0938 -0.1931 -0.1868 -0.1784 -0.1687 -0.0706 0.0274 0.1237 0.1362
0.0042 -0.0938 -0.1931 -0.1868 -0.1784 -0.1687 -0.0706 0.0274 0.1237 0.1362 0.1489
-0.0938 -0.1931 -0.1868 -0.1784 -0.1687 -0.0706 0.0274 0.1237 0.1362 0.1489 0.1629
-0.1931 -0.1868 -0.1784 -0.1687 -0.0706 0.0274 0.1237 0.1362 0.1489 0.1629 0.0819
-0.1868 -0.1784 -0.1687 -0.0706 0.0274 0.1237 0.1362 0.1489 0.1629 0.0819 0.0031
-0.1784 -0.1687 -0.0706 0.0274 0.1237 0.1362 0.1489 0.1629 0.0819 0.0031 -0.0757
-0.1687 -0.0706 0.0274 0.1237 0.1362 0.1489 0.1629 0.0819 0.0031 -0.0757 -0.0956
-0.0706 0.0274 0.1237 0.1362 0.1489 0.1629 0.0819 0.0031 -0.0757 -0.0956 -0.1168
0.0274 0.1237 0.1362 0.1489 0.1629 0.0819 0.0031 -0.0757 -0.0956 -0.1168 -0.1407
0.1237 0.1362 0.1489 0.1629 0.0819 0.0031 -0.0757 -0.0956 -0.1168 -0.1407 -0.0609
0.1362 0.1489 0.1629 0.0819 0.0031 -0.0757 -0.0956 -0.1168 -0.1407 -0.0609 0.0221
0.1489 0.1629 0.0819 0.0031 -0.0757 -0.0956 -0.1168 -0.1407 -0.0609 0.0221 0.1071
0.1629 0.0819 0.0031 -0.0757 -0.0956 -0.1168 -0.1407 -0.0609 0.0221 0.1071 0.1449
0.0819 0.0031 -0.0757 -0.0956 -0.1168 -0.1407 -0.0609 0.0221 0.1071 0.1449 0.1820
0.0031 -0.0757 -0.0956 -0.1168 -0.1407 -0.0609 0.0221 0.1071 0.1449 0.1820 0.2191
-0.0757 -0.0956 -0.1168 -0.1407 -0.0609 0.0221 0.1071 0.1449 0.1820 0.2191 0.1174
-0.0956 -0.1168 -0.1407 -0.0609 0.0221 0.1071 0.1449 0.1820 0.2191 0.1174 0.0158
-0.1168 -0.1407 -0.0609 0.0221 0.1071 0.1449 0.1820 0.2191 0.1174 0.0158 -0.0862
-0.1407 -0.0609 0.0221 0.1071 0.1449 0.1820 0.2191 0.1174 0.0158 -0.0862 -0.1337
-0.0609 0.0221 0.1071 0.1449 0.1820 0.2191 0.1174 0.0158 -0.0862 -0.1337 -0.1794
0.0221 0.1071 0.1449 0.1820 0.2191 0.1174 0.0158 -0.0862 -0.1337 -0.1794 -0.2229
0.1071 0.1449 0.1820 0.2191 0.1174 0.0158 -0.0862 -0.1337 -0.1794 -0.2229 -0.1423
0.1449 0.1820 0.2191 0.1174 0.0158 -0.0862 -0.1337 -0.1794 -0.2229 -0.1423 -0.0660
0.1820 0.2191 0.1174 0.0158 -0.0862 -0.1337 -0.1794 -0.2229 -0.1423 -0.0660 0.0064
0.2191 0.1174 0.0158 -0.0862 -0.1337 -0.1794 -0.2229 -0.1423 -0.0660 0.0064 0.0541
0.1174 0.0158 -0.0862 -0.1337 -0.1794 -0.2229 -0.1423 -0.0660 0.0064 0.0541 0.0990
0.0158 -0.0862 -0.1337 -0.1794 -0.2229 -0.1423 -0.0660 0.0064 0.0541 0.0990 0.1450
-0.0862 -0.1337 -0.1794 -0.2229 -0.1423 -0.0660 0.0064 0.0541 0.0990 0.1450 0.0715
-0.1337 -0.1794 -0.2229 -0.1423 -0.0660 0.0064 0.0541 0.0990 0.1450 0.0715 0.0004
-0.1794 -0.2229 -0.1423 -0.0660 0.0064 0.0541 0.0990 0.1450 0.0715 0.0004 -0.0687
-0.2229 -0.1423 -0.0660 0.0064 0.0541 0.0990 0.1450 0.0715 0.0004 -0.0687 -0.1198
-0.1423 -0.0660 0.0064 0.0541 0.0990 0.1450 0.0715 0.0004 -0.0687 -0.1198 -0.1709
-0.0660 0.0064 0.0541 0.0990 0.1450 0.0715 0.0004 -0.0687 -0.1198 -0.1709 -0.2218
0.0064 0.0541 0.0990 0.1450 0.0715 0.0004 -0.0687 -0.1198 -0.1709 -0.2218 -0.1567
0.0541 0.0990 0.1450 0.0715 0.0004 -0.0687 -0.1198 -0.1709 -0.2218 -0.1567 -0.0941
0.0990 0.1450 0.0715 0.0004 -0.0687 -0.1198 -0.1709 -0.2218 -0.1567 -0.0941 -0.0312
0.1450 0.0715 0.0004 -0.0687 -0.1198 -0.1709 -0.2218 -0.1567 -0.0941 -0.0312 0.0316
0.0715 0.0004 -0.0687 -0.1198 -0.1709 -0.2218 -0.1567 -0.0941 -0.0312 0.0316 0.0942
0.0004 -0.0687 -0.1198 -0.1709 -0.2218 -0.1567 -0.0941 -0.0312 0.0316 0.0942 0.1535
-0.0687 -0.1198 -0.1709 -0.2218 -0.1567 -0.0941 -0.0312 0.0316 0.0942 0.1535 0.0803
-0.1198 -0.1709 -0.2218 -0.1567 -0.0941 -0.0312 0.0316 0.0942 0.1535 0.0803 0.0071
-0.1709 -0.2218 -0.1567 -0.0941 -0.0312 0.0316 0.0942 0.1535 0.0803 0.0071 -0.0650
-0.2218 -0.1567 -0.0941 -0.0312 0.0316 0.0942 0.1535 0.0803 0.0071 -0.0650 -0.1254
-0.1567 -0.0941 -0.0312 0.0316 0.0942 0.1535 0.0803 0.0071 -0.0650 -0.1254 -0.1853
-0.0941 -0.0312 0.0316 0.0942 0.1535 0.0803 0.0071 -0.0650 -0.1254 -0.1853 -0.2452
-0.0312 0.0316 0.0942 0.1535 0.0803 0.0071 -0.0650 -0.1254 -0.1853 -0.2452 -0.1826
0.0316 0.0942 0.1535 0.0803 0.0071 -0.0650 -0.1254 -0.1853 -0.2452 -0.1826 -0.1207
0.0942 0.1535 0.0803 0.0071 -0.0650 -0.1254 -0.1853 -0.2452 -0.1826 -0.1207 -0.0590
0.1535 0.0803 0.0071 -0.0650 -0.1254 -0.1853 -0.2452 -0.1826 -0.1207 -0.0590 0.0206
0.0803 0.0071 -0.0650 -0.1254 -0.1853 -0.2452 -0.1826 -0.1207 -0.0590 0.0206 0.1007
0.0071 -0.0650 -0.1254 -0.1853 -0.2452 -0.1826 -0.1207 -0.0590 0.0206 0.1007 0.1870
-0.0650 -0.1254 -0.1853 -0.2452 -0.1826 -0.1207 -0.0590 0.0206 0.1007 0.1870 0.1345
-0.1254 -0.1853 -0.2452 -0.1826 -0.1207 -0.0590 0.0206 0.1007 0.1870 0.1345 0.0870
-0.1853 -0.2452 -0.1826 -0.1207 -0.0590 0.0206 0.1007 0.1870 0.1345 0.0870 0.0289
-0.2452 -0.1826 -0.1207 -0.0590 0.0206 0.1007 0.1870 0.1345 0.0870 0.0289 -0.0376
-0.1826 -0.1207 -0.0590 0.0206 0.1007 0.1870 0.1345 0.0870 0.0289 -0.0376 -0.1103
-0.1207 -0.0590 0.0206 0.1007 0.1870 0.1345 0.0870 0.0289 -0.0376 -0.1103 -0.1777
-0.0590 0.0206 0.1007 0.1870 0.1345 0.0870 0.0289 -0.0376 -0.1103 -0.1777 -0.1342
0.0206 0.1007 0.1870 0.1345 0.0870 0.0289 -0.0376 -0.1103 -0.1777 -0.1342 -0.0864
0.1007 0.1870 0.1345 0.0870 0.0289 -0.0376 -0.1103 -0.1777 -0.1342 -0.0864 -0.0400
0.1870 0.1345 0.0870 0.0289 -0.0376 -0.1103 -0.1777 -0.1342 -0.0864 -0.0400 0.0533
0.1345 0.0870 0.0289 -0.0376 -0.1103 -0.1777 -0.1342 -0.0864 -0.0400 0.0533 0.1481
0.0870 0.0289 -0.0376 -0.1103 -0.1777 -0.1342 -0.0864 -0.0400 0.0533 0.1481 0.2379
0.0289 -0.0376 -0.1103 -0.1777 -0.1342 -0.0864 -0.0400 0.0533 0.1481 0.2379 0.1871
-0.0376 -0.1103 -0.1777 -0.1342 -0.0864 -0.0400 0.0533 0.1481 0.2379 0.1871 0.1332
-0.1103 -0.1777 -0.1342 -0.0864 -0.0400 0.0533 0.1481 0.2379 0.1871 0.1332 0.0803
-0.1777 -0.1342 -0.0864 -0.0400 0.0533 0.1481 0.2379 0.1871 0.1332 0.0803 -0.0073
-0.1342 -0.0864 -0.0400 0.0533 0.1481 0.2379 0.1871 0.1332 0.0803 -0.0073 -0.0949
-0.0864 -0.0400 0.0533 0.1481 0.2379 0.1871 0.1332 0.0803 -0.0073 -0.0949 -0.1811
-0.0400 0.0533 0.1481 0.2379 0.1871 0.1332 0.0803 -0.0073 -0.0949 -0.1811 -0.1426
0.0533 0.1481 0.2379 0.1871 0.1332 0.0803 -0.0073 -0.0949 -0.1811 -0.1426 -0.1053
0.1481 0.2379 0.1871 0.1332 0.0803 -0.0073 -0.0949 -0.1811 -0.1426 -0.1053 -0.0687
0.2379 0.1871 0.1332 0.0803 -0.0073 -0.0949 -0.1811 -0.1426 -0.1053 -0.0687 0.0321
0.1871 0.1332 0.0803 -0.0073 -0.0949 -0.1811 -0.1426 -0.1053 -0.0687 0.0321 0.1327
0.1332 0.0803 -0.0073 -0.0949 -0.1811 -0.1426 -0.1053 -0.0687 0.0321 0.1327 0.2326
0.0803 -0.0073 -0.0949 -0.1811 -0.1426 -0.1053 -0.0687 0.0321 0.1327 0.2326 0.1895
-0.0073 -0.0949 -0.1811 -0.1426 -0.1053 -0.0687 0.0321 0.1327 0.2326 0.1895 0.1458
-0.0949 -0.1811 -0.1426 -0.1053 -0.0687 0.0321 0.1327 0.2326 0.1895 0.1458 0.0986
-0.1811 -0.1426 -0.1053 -0.0687 0.0321 0.1327 0.2326 0.1895 0.1458 0.0986 -0.0017
-0.1426 -0.1053 -0.0687 0.0321 0.1327 0.2326 0.1895 0.1458 0.0986 -0.0017 -0.1030
-0.1053 -0.0687 0.0321 0.1327 0.2326 0.1895 0.1458 0.0986 -0.0017 -0.1030 -0.2007
-0.0687 0.0321 0.1327 0.2326 0.1895 0.1458 0.0986 -0.0017 -0.1030 -0.2007 -0.1759
0.0321 0.1327 0.2326 0.1895 0.1458 0.0986 -0.0017 -0.1030 -0.2007 -0.1759 -0.1509
0.1327 0.2326 0.1895 0.1458 0.0986 -0.0017 -0.1030 -0.2007 -0.1759 -0.1509 -0.1273
0.2326 0.1895 0.1458 0.0986 -0.0017 -0.1030 -0.2007 -0.1759 -0.1509 -0.1273 -0.0226
0.1895 0.1458 0.0986 -0.0017 -0.1030 -0.2007 -0.1759 -0.1509 -0.1273 -0.0226 0.0835
0.1458 0.0986 -0.0017 -0.1030 -0.2007 -0.1759 -0.1509 -0.1273 -0.0226 0.0835 0.1934
0.0986 -0.0017 -0.1030 -0.2007 -0.1759 -0.1509 -0.1273 -0.0226 0.0835 0.1934 0.1669
-0.0017 -0.1030 -0.2007 -0.1759 -0.1509 -0.1273 -0.0226 0.0835 0.1934 0.1669 0.1423
-0.1030 -0.2007 -0.1759 -0.1509 -0.1273 -0.0226 0.0835 0.1934 0.1669 0.1423 0.1190
-0.2007 -0.1759 -0.1509 -0.1273 -0.0226 0.0835 0.1934 0.1669 0.1423 0.1190 0.0141
-0.1759 -0.1509 -0.1273 -0.0226 0.0835 0.1934 0.1669 0.1423 0.1190 0.0141 -0.0927
-0.1509 -0.1273 -0.0226 0.0835 0.1934 0.1669 0.1423 0.1190 0.0141 -0.0927 -0.1994
-0.1273 -0.0226 0.0835 0.1934 0.1669 0.1423 0.1190 0.0141 -0.0927 -0.1994 -0.1755
-0.0226 0.0835 0.1934 0.1669 0.1423 0.1190 0.0141 -0.0927 -0.1994 -0.1755 -0.1488
0.0835 0.1934 0.1669 0.1423 0.1190 0.0141 -0.0927 -0.1994 -0.1755 -0.1488 -0.1203
0.1934 0.1669 0.1423 0.1190 0.0141 -0.0927 -0.1994 -0.1755 -0.1488 -0.1203 -0.0119
0.1669 0.1423 0.1190 0.0141 -0.0927 -0.1994 -0.1755 -0.1488 -0.1203 -0.0119 0.0913
0.1423 0.1190 0.0141 -0.0927 -0.1994 -0.1755 -0.1488 -0.1203 -0.0119 0.0913 0.1950
0.1190 0.0141 -0.0927 -0.1994 -0.1755 -0.1488 -0.1203 -0.0119 0.0913 0.1950 0.1772
0.0141 -0.0927 -0.1994 -0.1755 -0.1488 -0.1203 -0.0119 0.0913 0.1950 0.1772 0.1591
-0.0927 -0.1994 -0.1755 -0.1488 -0.1203 -0.0119 0.0913 0.1950 0.1772 0.1591 0.1409
-0.1994 -0.1755 -0.1488 -0.1203 -0.0119 0.0913 0.1950 0.1772 0.1591 0.1409 0.0354
-0.1755 -0.1488 -0.1203 -0.0119 0.0913 0.1950 0.1772 0.1591 0.1409 0.0354 -0.0743
-0.1488 -0.1203 -0.0119 0.0913 0.1950 0.1772 0.1591 0.1409 0.0354 -0.0743 -0.1870
-0.1203 -0.0119 0.0913 0.1950 0.1772 0.1591 0.1409 0.0354 -0.0743 -0.1870 -0.1834
-0.0119 0.0913 0.1950 0.1772 0.1591 0.1409 0.0354 -0.0743 -0.1870 -0.1834 -0.1744
0.0913 0.1950 0.1772 0.1591 0.1409 0.0354 -0.0743 -0.1870 -0.1834 -0.1744 -0.1643
0.1950 0.1772 0.1591 0.1409 0.0354 -0.0743 -0.1870 -0.1834 -0.1744 -0.1643 -0.0626
0.1772 0.1591 0.1409 0.0354 -0.0743 -0.1870 -0.1834 -0.1744 -0.1643 -0.0626 0.0389
0.1591 0.1409 0.0354 -0.0743 -0.1870 -0.1834 -0.1744 -0.1643 -0.0626 0.0389 0.1401
0.1409 0.0354 -0.0743 -0.1870 -0.1834 -0.1744 -0.1643 -0.0626 0.0389 0.1401 0.1452
0.0354 -0.0743 -0.1870 -0.1834 -0.1744 -0.1643 -0.0626 0.0389 0.1401 0.1452 0.1509
-0.0743 -0.1870 -0.1834 -0.1744 -0.1643 -0.0626 0.0389 0.1401 0.1452 0.1509 0.1570
-0.1870 -0.1834 -0.1744 -0.1643 -0.0626 0.0389 0.1401 0.1452 0.1509 0.1570 0.0479
-0.1834 -0.1744 -0.1643 -0.0626 0.0389 0.1401 0.1452 0.1509 0.1570 0.0479 -0.0612
-0.1744 -0.1643 -0.0626 0.0389 0.1401 0.1452 0.1509 0.1570 0.0479 -0.0612 -0.1705
-0.1643 -0.0626 0.0389 0.1401 0.1452 0.1509 0.1570 0.0479 -0.0612 -0.1705 -0.1638
-0.0626 0.0389 0.1401 0.1452 0.1509 0.1570 0.0479 -0.0612 -0.1705 -0.1638 -0.1576
0.0389 0.1401 0.1452 0.1509 0.1570 0.0479 -0.0612 -0.1705 -0.1638 -0.1576 -0.1521
0.1401 0.1452 0.1509 0.1570 0.0479 -0.0612 -0.1705 -0.1638 -0.1576 -0.1521 -0.0493
0.1452 0.1509 0.1570 0.0479 -0.0612 -0.1705 -0.1638 -0.1576 -0.1521 -0.0493 0.0517
0.1509 0.1570 0.0479 -0.0612 -0.1705 -0.1638 -0.1576 -0.1521 -0.0493 0.0517 0.1513
0.1570 0.0479 -0.0612 -0.1705 -0.1638 -0.1576 -0.1521 -0.0493 0.0517 0.1513 0.1654
0.0479 -0.0612 -0.1705 -0.1638 -0.1576 -0.1521 -0.0493 0.0517 0.1513 0.1654 0.1797
-0.0612 -0.1705 -0.1638 -0.1576 -0.1521 -0.0493 0.0517 0.1513 0.1654 0.1797 0.1939
-0.1705 -0.1638 -0.1576 -0.1521 -0.0493 0.0517 0.1513 0.1654 0.1797 0.1939 0.0818
-0.1638 -0.1576 -0.1521 -0.0493 0.0517 0.1513 0.1654 0.1797 0.1939 0.0818 -0.0312
-0.1576 -0.1521 -0.0493 0.0517 0.1513 0.1654 0.1797 0.1939 0.0818 -0.0312 -0.1450
-0.1521 -0.0493 0.0517 0.1513 0.1654 0.1797 0.1939 0.0818 -0.0312 -0.1450 -0.1588
-0.0493 0.0517 0.1513 0.1654 0.1797 0.1939 0.0818 -0.0312 -0.1450 -0.1588 -0.1721
0.0517 0.1513 0.1654 0.1797 0.1939 0.0818 -0.0312 -0.1450 -0.1588 -0.1721 -0.1848
0.1513 0.1654 0.1797 0.1939 0.0818 -0.0312 -0.1450 -0.1588 -0.1721 -0.1848 -0.0891
0.1654 0.1797 0.1939 0.0818 -0.0312 -0.1450 -0.1588 -0.1721 -0.1848 -0.0891 0.0051
0.1797 0.1939 0.0818 -0.0312 -0.1450 -0.1588 -0.1721 -0.1848 -0.0891 0.0051 0.0978
0.1939 0.0818 -0.0312 -0.1450 -0.1588 -0.1721 -0.1848 -0.0891 0.0051 0.0978 0.1327
0.0818 -0.0312 -0.1450 -0.1588 -0.1721 -0.1848 -0.0891 0.0051 0.0978 0.1327 0.1675
-0.0312 -0.1450 -0.1588 -0.1721 -0.1848 -0.0891 0.0051 0.0978 0.1327 0.1675 0.2035
-0.1450 -0.1588 -0.1721 -0.1848 -0.0891 0.0051 0.0978 0.1327 0.1675 0.2035 0.0998
-0.1588 -0.1721 -0.1848 -0.0891 0.0051 0.0978 0.1327 0.1675 0.2035 0.0998 -0.0043
-0.1721 -0.1848 -0.0891 0.0051 0.0978 0.1327 0.1675 0.2035 0.0998 -0.0043 -0.1081
-0.1848 -0.0891 0.0051 0.0978 0.1327 0.1675 0.2035 0.0998 -0.0043 -0.1081 -0.1243
-0.0891 0.0051 0.0978 0.1327 0.1675 0.2035 0.0998 -0.0043 -0.1081 -0.1243 -0.1400
0.0051 0.0978 0.1327 0.1675 0.2035 0.0998 -0.0043 -0.1081 -0.1243 -0.1400 -0.1565
0.0978 0.1327 0.1675 0.2035 0.0998 -0.0043 -0.1081 -0.1243 -0.1400 -0.1565 -0.0668
0.1327 0.1675 0.2035 0.0998 -0.0043 -0.1081 -0.1243 -0.1400 -0.1565 -0.0668 0.0202
0.1675 0.2035 0.0998 -0.0043 -0.1081 -0.1243 -0.1400 -0.1565 -0.0668 0.0202 0.1052
0.2035 0.0998 -0.0043 -0.1081 -0.1243 -0.1400 -0.1565 -0.0668 0.0202 0.1052 0.1413
0.0998 -0.0043 -0.1081 -0.1243 -0.1400 -0.1565 -0.0668 0.0202 0.1052 0.1413 0.1773
-0.0043 -0.1081 -0.1243 -0.1400 -0.1565 -0.0668 0.0202 0.1052 0.1413 0.1773 0.2135
-0.1081 -0.1243 -0.1400 -0.1565 -0.0668 0.0202 0.1052 0.1413 0.1773 0.2135 0.1088
-0.1243 -0.1400 -0.1565 -0.0668 0.0202 0.1052 0.1413 0.1773 0.2135 0.1088 0.0044
-0.1400 -0.1565 -0.0668 0.0202 0.1052 0.1413 0.1773 0.2135 0.1088 0.0044 -0.1009
-0.1565 -0.0668 0.0202 0.1052 0.1413 0.1773 0.2135 0.1088 0.0044 -0.1009 -0.1532
-0.0668 0.0202 0.1052 0.1413 0.1773 0.2135 0.1088 0.0044 -0.1009 -0.1532 -0.1915
0.0202 0.1052 0.1413 0.1773 0.2135 0.1088 0.0044 -0.1009 -0.1532 -0.1915 -0.2184
0.1052 0.1413 0.1773 0.2135 0.1088 0.0044 -0.1009 -0.1532 -0.1915 -0.2184 -0.1345
0.1413 0.1773 0.2135 0.1088 0.0044 -0.1009 -0.1532 -0.1915 -0.2184 -0.1345 -0.0604
0.1773 0.2135 0.1088 0.0044 -0.1009 -0.1532 -0.1915 -0.2184 -0.1345 -0.0604 0.0114
0.2135 0.1088 0.0044 -0.1009 -0.1532 -0.1915 -0.2184 -0.1345 -0.0604 0.0114 0.0746
0.1088 0.0044 -0.1009 -0.1532 -0.1915 -0.2184 -0.1345 -0.0604 0.0114 0.0746 0.1371
0.0044 -0.1009 -0.1532 -0.1915 -0.2184 -0.1345 -0.0604 0.0114 0.0746 0.1371 0.2000
-0.1009 -0.1532 -0.1915 -0.2184 -0.1345 -0.0604 0.0114 0.0746 0.1371 0.2000 0.1240
-0.1532 -0.1915 -0.2184 -0.1345 -0.0604 0.0114 0.0746 0.1371 0.2000 0.1240 0.0481
-0.1915 -0.2184 -0.1345 -0.0604 0.0114 0.0746 0.1371 0.2000 0.1240 0.0481 -0.0276
-0.2184 -0.1345 -0.0604 0.0114 0.0746 0.1371 0.2000 0.1240 0.0481 -0.0276 -0.0621
-0.1345 -0.0604 0.0114 0.0746 0.1371 0.2000 0.1240 0.0481 -0.0276 -0.0621 -0.0964
-0.0604 0.0114 0.0746 0.1371 0.2000 0.1240 0.0481 -0.0276 -0.0621 -0.0964 -0.1287
0.0114 0.0746 0.1371 0.2000 0.1240 0.0481 -0.0276 -0.0621 -0.0964 -0.1287 -0.0695
0.0746 0.1371 0.2000 0.1240 0.0481 -0.0276 -0.0621 -0.0964 -0.1287 -0.0695 -0.0101
0.1371 0.2000 0.1240 0.0481 -0.0276 -0.0621 -0.0964 -0.1287 -0.0695 -0.0101 0.0527
0.2000 0.1240 0.0481 -0.0276 -0.0621 -0.0964 -0.1287 -0.0695 -0.0101 0.0527 0.1169
0.1240 0.0481 -0.0276 -0.0621 -0.0964 -0.1287 -0.0695 -0.0101 0.0527 0.1169 0.1803
0.0481 -0.0276 -0.0621 -0.0964 -0.1287 -0.0695 -0.0101 0.0527 0.1169 0.1803 0.2435
-0.0276 -0.0621 -0.0964 -0.1287 -0.0695 -0.0101 0.0527 0.1169 0.1803 0.2435 0.1641
-0.0621 -0.0964 -0.1287 -0.0695 -0.0101 0.0527 0.1169 0.1803 0.2435 0.1641 0.0831
-0.0964 -0.1287 -0.0695 -0.0101 0.0527 0.1169 0.1803 0.2435 0.1641 0.0831 0.0004
-0.1287 -0.0695 -0.0101 0.0527 0.1169 0.1803 0.2435 0.1641 0.0831 0.0004 -0.0561
-0.0695 -0.0101 0.0527 0.1169 0.1803 0.2435 0.1641 0.0831 0.0004 -0.0561 -0.1122
-0.0101 0.0527 0.1169 0.1803 0.2435 0.1641 0.0831 0.0004 -0.0561 -0.1122 -0.1690
0.0527 0.1169 0.1803 0.2435 0.1641 0.0831 0.0004 -0.0561 -0.1122 -0.1690 -0.1196
0.1169 0.1803 0.2435 0.1641 0.0831 0.0004 -0.0561 -0.1122 -0.1690 -0.1196 -0.0712
0.1803 0.2435 0.1641 0.0831 0.0004 -0.0561 -0.1122 -0.1690 -0.1196 -0.0712 -0.0235
0.2435 0.1641 0.0831 0.0004 -0.0561 -0.1122 -0.1690 -0.1196 -0.0712 -0.0235 0.0537
0.1641 0.0831 0.0004 -0.0561 -0.1122 -0.1690 -0.1196 -0.0712 -0.0235 0.0537 0.1303
0.0831 0.0004 -0.0561 -0.1122 -0.1690 -0.1196 -0.0712 -0.0235 0.0537 0.1303 0.2084
0.0004 -0.0561 -0.1122 -0.1690 -0.1196 -0.0712 -0.0235 0.0537 0.1303 0.2084 0.1466
-0.0561 -0.1122 -0.1690 -0.1196 -0.0712 -0.0235 0.0537 0.1303 0.2084 0.1466 0.0830
-0.1122 -0.1690 -0.1196 -0.0712 -0.0235 0.0537 0.1303 0.2084 0.1466 0.0830 0.0195
-0.1690 -0.1196 -0.0712 -0.0235 0.0537 0.1303 0.2084 0.1466 0.0830 0.0195 -0.0367
-0.1196 -0.0712 -0.0235 0.0537 0.1303 0.2084 0.1466 0.0830 0.0195 -0.0367 -0.0925
-0.0712 -0.0235 0.0537 0.1303 0.2084 0.1466 0.0830 0.0195 -0.0367 -0.0925 -0.1485
-0.0235 0.0537 0.1303 0.2084 0.1466 0.0830 0.0195 -0.0367 -0.0925 -0.1485 -0.1031
0.0537 0.1303 0.2084 0.1466 0.0830 0.0195 -0.0367 -0.0925 -0.1485 -0.1031 -0.0591
0.1303 0.2084 0.1466 0.0830 0.0195 -0.0367 -0.0925 -0.1485 -0.1031 -0.0591 -0.0152
0.2084 0.1466 0.0830 0.0195 -0.0367 -0.0925 -0.1485 -0.1031 -0.0591 -0.0152 0.0620
0.1466 0.0830 0.0195 -0.0367 -0.0925 -0.1485 -0.1031 -0.0591 -0.0152 0.0620 0.1393
0.0830 0.0195 -0.0367 -0.0925 -0.1485 -0.1031 -0.0591 -0.0152 0.0620 0.1393 0.2173
0.0195 -0.0367 -0.0925 -0.1485 -0.1031 -0.0591 -0.0152 0.0620 0.1393 0.2173 0.1598
-0.0367 -0.0925 -0.1485 -0.1031 -0.0591 -0.0152 0.0620 0.1393 0.2173 0.1598 0.1006
-0.0925 -0.1485 -0.1031 -0.0591 -0.0152 0.0620 0.1393 0.2173 0.1598 0.1006 0.0405
-0.1485 -0.1031 -0.0591 -0.0152 0.0620 0.1393 0.2173 0.1598 0.1006 0.0405 -0.0320
-0.1031 -0.0591 -0.0152 0.0620 0.1393 0.2173 0.1598 0.1006 0.0405 -0.0320 -0.1049
-0.0591 -0.0152 0.0620 0.1393 0.2173 0.1598 0.1006 0.0405 -0.0320 -0.1049 -0.1786
-0.0152 0.0620 0.1393 0.2173 0.1598 0.1006 0.0405 -0.0320 -0.1049 -0.1786 -0.1457
0.0620 0.1393 0.2173 0.1598 0.1006 0.0405 -0.0320 -0.1049 -0.1786 -0.1457 -0.1130
0.1393 0.2173 0.1598 0.1006 0.0405 -0.0320 -0.1049 -0.1786 -0.1457 -0.1130 -0.0813
0.2173 0.1598 0.1006 0.0405 -0.0320 -0.1049 -0.1786 -0.1457 -0.1130 -0.0813 0.0037
0.1598 0.1006 0.0405 -0.0320 -0.1049 -0.1786 -0.1457 -0.1130 -0.0813 0.0037 0.0890
0.1006 0.0405 -0.0320 -0.1049 -0.1786 -0.1457 -0.1130 -0.0813 0.0037 0.0890 0.1744
0.0405 -0.0320 -0.1049 -0.1786 -0.1457 -0.1130 -0.0813 0.0037 0.0890 0.1744 0.1416
-0.0320 -0.1049 -0.1786 -0.1457 -0.1130 -0.0813 0.0037 0.0890 0.1744 0.1416 0.1095
-0.1049 -0.1786 -0.1457 -0.1130 -0.0813 0.0037 0.0890 0.1744 0.1416 0.1095 0.0772
