-0.1644
-0.1584
-0.0874
0.0065
0.1109
0.1287
0.1660
0.1788
0.1021
-0.0838
-0.1713
-0.2415
-0.3126
-0.4095
-0.2562
-0.1250
0.0125
0.1432
0.2118
0.3458
0.2282
0.0981
0.0456
-0.0661
-0.1753
-0.2535
-0.2067
-0.1298
-0.0094
0.1188
0.1872
0.2705
0.1540
0.0385
-0.0474
-0.1742
-0.3022
-0.3985
-0.3039
-0.2041
-0.1091
0.0242
0.1780
0.3484
0.2852
0.1850
0.1093
0.0167
-0.1868
-0.2473
-0.2141
-0.1547
-0.0695
0.0323
0.1664
0.2714
0.2774
0.2672
0.2600
0.1286
0.0098
-0.0890
-0.0622
-0.0491
-0.0058
0.1435
0.2112
0.4013
0.4248
0.3581
0.2384
-0.0996
-0.4024
-0.4311
-0.3601
-0.1851
-0.0200
0.1889
0.3440
0.8771
0.1781
0.0863
-0.0267
-0.1639
-0.4035
-0.8974
-0.6064
-0.3250
-0.2318
0.0452
0.3079
0.7175
-0.1110
