5.6042
5.2057
5.2795
5.1922
5.1864
5.0438
5.0544
4.7656
4.1790
3.6372
3.0340
3.0037
2.9526
2.8803
2.8827
2.4616
2.3841
2.6136
2.8203
2.9547
2.8525
2.7658
2.6776
1.3673
0.5082
-0.5732
-1.2295
-1.3661
-1.9743
-2.3764
-2.8130
-3.1066
-3.1099
-3.2565
-3.1940
-3.5515
-3.6858
-3.9922
-4.3102
-4.3539
-4.6658
-5.5648
-6.3351
-7.1395
-6.8579
-6.2123
-5.7466
-6.0314
-5.8824
-6.4462
-6.3839
-6.5390
-6.5076
-5.6244
-4.7400
-3.5575
-1.0447
2.1815
4.9931
4.9841
5.0203
4.9933
6.1498
7.3975
8.1221
8.5558
8.8808
9.0618
8.5967
8.4934
8.6029
7.8375
7.0680
6.6293
6.0819
5.7840
5.1336
4.5519
3.8782
3.7197
3.8959
3.7737
4.0202
3.4322
3.1861
2.6996
2.5670
2.6346
2.8494
3.3444
3.7177
4.1970
5.5258
