0.2208
0.2317
0.1946
0.1292
0.0857
-0.0232
-0.1198
-0.1922
-0.1161
-0.0990
-0.0455
0.0480
0.1431
0.2615
0.2086
0.2181
0.1951
0.1232
0.0291
-0.0851
-0.0514
-0.0253
-0.0239
0.0104
0.0788
0.1379
0.1112
0.0957
0.0689
-0.0214
-0.0935
-0.1657
-0.1204
-0.1210
-0.0869
0.0139
0.1245
0.2541
0.2620
0.2773
0.2874
0.2085
0.0799
-0.0363
-0.0075
-0.0423
-0.0396
0.0871
0.1926
0.3128
0.3595
0.3808
0.4159
0.2738
0.1519
-0.0114
-0.0643
-0.0965
-0.1268
0.0240
0.1809
0.3482
0.3439
0.3340
0.3450
0.0918
-0.1725
-0.4607
-0.4862
-0.3570
-0.3210
-0.0144
0.3723
0.5406
0.3685
0.3421
0.1778
-0.0602
-0.3662
-0.5314
0.0167
-0.0087
-0.0484
-0.1115
-0.1828
-0.2375
0.4208
0.3095
0.2536
0.0830
-0.1938
-0.6256
0.1861
