-0.9127
-0.7536
-0.3281
0.2755
0.8206
1.1897
1.5890
2.0483
0.4411
-1.2338
-2.8072
-1.9148
-0.9066
0.1602
0.1897
0.3995
0.2088
0.3607
0.4089
0.5093
0.5601
0.4681
0.3824
0.4203
0.5262
0.5741
1.1998
1.8174
2.4054
2.7943
3.2567
3.6029
3.3577
2.9599
2.6863
2.7826
2.8971
3.1272
3.2005
3.2949
3.3354
3.6476
4.0478
4.5050
4.6523
4.7475
4.7259
5.6754
6.3470
7.1131
7.6865
8.0385
8.5461
9.2814
10.0928
10.8957
9.9323
9.0686
8.2436
7.1879
6.1075
4.8924
3.6431
2.4059
1.1474
0.4123
-0.2690
-1.2397
-2.4135
-3.3427
-4.2903
-4.5344
-4.6911
-4.9814
-4.4520
-3.9474
-3.4594
-2.9543
-2.7516
-2.4295
-2.0116
-1.4493
-1.0063
-0.2204
0.5455
1.3838
1.3707
1.0117
0.7954
1.0655
1.4280
1.7098
-1.3828
