2.2559
1.9806
1.6972
2.0203
2.3412
2.6599
2.9439
3.1873
3.4938
3.7554
4.0410
4.3487
4.6527
4.9471
5.2621
5.5592
5.8565
6.1200
6.3719
6.5514
6.7632
7.5474
8.4819
9.2900
9.6608
9.9930
10.3551
9.3783
8.4156
7.4446
6.4651
5.4273
4.4181
3.3474
2.2769
1.2853
0.3122
-0.6608
-1.5850
-2.4505
-3.2863
-4.1881
-4.0627
-4.0101
-4.0458
-4.4463
-4.8573
-5.2683
-5.9449
-6.6375
-7.3102
-7.4393
-7.5544
-7.6694
-7.7704
-7.8737
-7.9615
-8.0353
-8.1236
-8.2146
-8.3171
-8.4192
-8.5290
-8.6370
-8.7379
-8.8329
-8.7740
-8.7648
-8.8071
-9.0437
-9.3621
-9.6922
-9.9001
-9.8153
-9.6940
-9.5127
-9.3401
-9.1548
-8.9814
-8.8184
-8.6775
-8.5614
-8.4433
-8.3282
-8.2170
-8.1020
-7.9961
-7.9064
-7.8146
-7.7404
-7.4669
-7.0764
-6.6016
-6.4060
-6.3735
-6.3293
-6.5888
-6.8517
-7.1317
-7.0123
-6.8928
-6.7733
-6.6335
-6.4995
-6.3510
-6.2023
-6.0608
-5.9281
