-0.0654
-0.0199
0.0853
0.1765
0.1496
0.1381
0.0982
0.0595
0.0356
-0.0088
0.0246
0.0197
0.0204
0.1206
0.1764
0.2143
0.1763
0.1945
0.1799
0.0740
0.0084
-0.0499
-0.0806
-0.1117
-0.1100
-0.0170
0.0343
0.1386
0.1798
0.2054
0.2525
0.2076
0.1653
0.0873
-0.0041
-0.0482
-0.1151
-0.0206
-0.0328
0.0356
0.0694
0.1308
0.1533
0.0960
0.0555
-0.0237
-0.1291
-0.1652
-0.2575
-0.2007
-0.1431
-0.0953
0.0036
0.0959
0.2154
0.1953
0.1163
0.0589
0.0100
-0.0817
-0.1851
-0.1491
-0.0978
-0.0720
-0.0162
0.0379
0.1137
0.0372
0.0235
-0.0281
-0.0351
-0.1346
-0.1762
-0.1744
-0.1204
-0.0071
0.0550
0.1535
0.2455
0.2193
0.1142
0.0865
-0.0237
-0.0851
-0.1605
-0.1541
-0.0627
-0.0378
0.0411
0.1178
0.1987
0.1162
0.0538
-0.0539
-0.0804
-0.1523
-0.2407
-0.1707
-0.0492
0.0147
0.1299
0.2412
0.2928
0.2294
0.1071
0.1131
-0.0049
-0.0854
-0.2091
-0.1262
-0.0788
-0.0176
0.1011
0.1653
0.2409
0.1571
0.0487
-0.0268
-0.0769
-0.1622
-0.2507
-0.1571
-0.0991
0.0208
0.1210
0.2620
0.3405
0.2797
0.1949
0.1020
0.0105
-0.1288
-0.2293
-0.1110
-0.0737
-0.0400
0.0290
0.1157
0.1774
0.1319
0.0854
0.0069
-0.0941
-0.1838
-0.2546
-0.1710
-0.1126
-0.0143
0.0968
0.2463
0.3307
0.2439
0.2475
0.1882
0.0594
-0.0680
-0.1819
-0.1654
-0.1687
-0.1441
-0.0434
0.0832
0.1752
0.1302
0.0459
0.0343
-0.0647
-0.1628
-0.2707
-0.2192
-0.1666
-0.1584
0.0206
0.1189
0.2438
0.2376
0.2751
0.2207
0.1328
0.0331
-0.1001
-0.0941
-0.1746
-0.1585
-0.1200
-0.0076
0.0389
0.0384
0.0514
0.0031
-0.0933
-0.1849
-0.2608
-0.2827
-0.2344
-0.2040
-0.0654
0.1314
0.2118
0.1839
0.2356
0.2393
0.1008
-0.0387
-0.1638
-0.1667
-0.1801
-0.2219
-0.1360
-0.0028
0.0786
0.0769
0.1008
0.0975
-0.0330
-0.1552
-0.2422
-0.2437
-0.2290
-0.2019
-0.0591
0.0485
0.2387
0.2330
0.2863
0.3278
0.2181
0.0911
-0.0661
-0.1254
-0.1451
-0.1902
-0.1384
-0.0426
0.0405
0.0630
0.0621
0.1177
