-0.1546
-0.0588
0.0015
0.0804
0.1468
0.2025
0.1134
0.0010
-0.1033
-0.1792
-0.2488
-0.3078
-0.2210
-0.1121
-0.0164
0.0695
0.1974
0.3059
0.2350
0.1674
0.0694
-0.0226
-0.1405
-0.2731
-0.1872
-0.1103
-0.0412
0.0233
0.1277
0.2207
0.1314
0.0963
0.0031
-0.0821
-0.2029
-0.2887
-0.2169
-0.1251
-0.0561
0.0725
0.1651
0.2971
0.2562
0.2253
0.1812
0.0563
-0.0577
-0.1709
-0.1411
-0.1000
-0.0713
0.0516
0.2074
0.3104
0.3533
0.3620
0.3563
0.2565
0.1439
0.0539
0.0463
0.0562
0.0522
0.1468
0.2408
0.3337
0.3023
0.2695
0.2045
0.0641
-0.0590
-0.1918
-0.1880
-0.1472
-0.1575
-0.0401
0.0810
0.1874
0.2056
0.2260
0.2087
0.1623
0.0929
0.0214
0.0467
0.0402
0.0707
0.1463
0.2490
0.3503
0.3397
0.3062
0.2686
0.1713
0.0788
-0.0021
-0.0221
-0.0454
-0.0592
0.0463
0.1125
0.2611
0.3065
0.3378
0.3900
0.3073
