5.7055
5.3802
5.0228
5.0206
5.0895
5.1967
4.1648
3.5077
2.2678
2.1463
2.2056
1.9176
2.0883
2.1979
2.0090
2.1128
2.3274
2.5479
2.2570
2.3985
2.3469
1.2310
0.4204
-0.3658
-0.8203
-1.2067
-1.5502
-2.0469
-2.6650
-3.2174
-3.2720
-3.4465
-3.4346
-3.6672
-3.7241
-3.9951
-4.5329
-5.0346
-5.5871
-6.3278
-6.9128
-7.5870
-6.9410
-6.7105
-6.2692
-6.2276
-5.7616
-5.6987
-5.9181
-6.0349
-6.3990
-5.1889
-3.9454
-2.9971
-0.6006
1.8974
4.9528
5.0639
5.4259
6.1255
7.0090
7.7392
8.4130
8.5589
8.1904
7.9030
7.2447
7.0046
6.8208
6.5076
5.6488
5.5751
5.0520
4.7273
4.4152
3.8568
3.6947
3.0310
3.0451
2.8037
2.6027
2.2209
1.8519
1.6086
1.6890
2.1122
2.4340
2.9894
3.5957
4.1296
2.9436
2.2009
1.0860
1.0758
0.9912
0.9909
1.1686
1.5562
1.9547
1.7209
1.9519
2.3395
1.0820
0.7421
-0.1542
-1.2547
