0.2380
0.2120
0.1707
0.0540
-0.0493
-0.1522
-0.1337
-0.0969
-0.0625
0.0628
0.1840
0.3093
0.3057
0.2859
0.2619
0.1349
0.0013
-0.1161
-0.1178
-0.1129
-0.1028
-0.0064
0.1454
0.2361
0.2315
0.2403
0.2468
0.1216
-0.0001
-0.1286
-0.1327
-0.1396
-0.1323
0.0234
0.1667
0.3264
0.3624
0.4125
0.4597
0.2947
0.1211
-0.0088
-0.0520
-0.1065
-0.1565
-0.0122
0.1224
0.2787
0.3595
0.4171
0.4806
0.3634
0.2117
0.0943
0.0247
-0.0752
-0.1620
-0.0757
0.0406
0.1460
0.2000
0.2551
0.2791
0.1300
-0.0182
-0.1997
-0.2743
-0.3544
-0.4642
-0.2739
-0.1114
0.0947
0.2220
0.3571
0.4560
0.3524
0.2455
0.1244
0.0184
-0.0696
-0.2089
-0.0885
0.0577
0.1586
0.2350
0.2981
0.3665
0.2437
0.1365
0.0513
-0.0412
-0.1269
-0.2294
-0.1570
-0.0783
-0.0257
0.0504
0.1453
0.2161
0.1944
0.1549
0.1583
0.0891
0.0416
0.0099
0.0148
