1.4554
1.9967
2.7992
1.8057
0.6538
-0.2304
-0.7781
-1.1078
-1.9016
-0.8281
0.4531
1.6821
1.5318
1.7717
1.7907
1.4899
1.0845
0.6709
0.8312
0.7867
0.9594
0.9248
0.9498
0.7721
1.3614
2.3906
2.9671
3.3948
3.7748
3.9309
3.6536
3.2179
2.9536
3.1014
3.5295
3.4940
3.5541
3.6550
3.7348
4.2660
4.8756
5.5331
5.7211
5.8582
5.8756
6.3255
6.8442
7.1308
7.6393
8.1257
8.5199
9.6447
10.3950
11.1603
10.0329
8.8272
7.7597
5.4600
3.3347
1.4107
0.7515
-0.0346
-0.4480
-0.8377
-1.0907
-1.4072
-2.3055
-3.3808
-4.2571
-4.3340
-4.3975
-4.2049
-3.5971
-2.8156
-2.0780
-1.5322
-0.9952
-0.2871
0.5175
1.0805
1.7148
2.3344
2.9040
3.3087
3.1630
2.9233
2.6629
2.6162
2.7081
2.8141
2.3926
2.1786
1.9028
2.3824
3.0363
3.7273
3.3149
2.9500
2.6495
1.4507
0.2693
-0.9637
-1.6644
-2.5710
-3.4338
-2.6464
