0.2110
0.1413
-0.0163
-0.1554
-0.2967
-0.2578
-0.1776
-0.0803
0.0784
0.2147
0.3915
0.3644
0.3179
0.2807
0.0869
-0.0387
-0.2678
-0.2515
-0.2132
-0.1725
-0.0077
0.1326
0.3034
0.2554
0.2299
0.2269
0.0322
-0.1483
-0.3232
-0.2616
-0.2149
-0.1600
0.0423
0.2749
0.4681
0.4578
0.4906
0.4785
0.2568
0.0537
-0.1461
-0.1799
-0.2350
-0.2566
-0.0270
0.1466
0.3438
0.3994
0.4574
0.5512
0.4079
0.2685
0.1141
0.0744
0.0153
-0.0816
0.0348
0.1074
0.1946
0.1635
0.2298
0.2145
0.0793
-0.0328
-0.1129
-0.1723
-0.1996
-0.2219
-0.1560
-0.1072
-0.0423
0.0203
0.0952
0.1827
0.1832
0.1684
0.1977
0.1720
0.1083
0.0872
0.0526
