-0.0172
0.0619
0.1187
0.1876
0.2487
0.1665
0.0701
-0.0441
-0.1589
-0.2792
-0.3388
-0.2382
-0.1187
-0.0279
0.0997
0.2527
0.3885
0.3539
0.2708
0.1642
0.0244
-0.1232
-0.2790
-0.1965
-0.1153
-0.0762
0.0307
0.1185
0.2535
0.2046
0.1330
0.0514
-0.0789
-0.1712
-0.2522
-0.1588
-0.0992
-0.0081
0.0948
0.1971
0.2579
0.2160
0.1510
0.1338
0.0351
-0.0625
-0.1984
-0.1279
-0.1152
-0.0795
0.0685
0.1986
0.3393
0.3463
0.3715
0.3883
0.3029
0.2153
0.1420
0.1433
0.1493
0.1740
0.2524
0.3376
0.4152
0.3943
0.3367
0.2809
0.1373
0.0330
-0.0681
-0.0173
-0.0025
0.0207
0.1017
0.2008
0.3276
0.3277
0.3780
0.3873
0.2854
