-0.3682
-0.4530
0.4327
-0.1742
-1.1610
-0.5099
1.2055
-0.2484
0.6366
0.1651
1.1494
0.2958
0.0773
0.8088
0.6818
-0.3125
-0.0068
0.2664
-1.2493
-0.1815
-0.3428
1.6321
1.0557
-0.5997
0.3398
-0.0350
0.9762
1.5937
-0.7121
-0.2301
0.1838
0.3702
0.6473
-0.1883
-0.4389
1.2528
1.3497
1.0141
0.2967
1.9831
-0.5563
0.2648
-0.1146
0.8041
1.5297
-0.4433
0.0490
-0.0453
1.4986
2.0257
-0.4555
-0.4712
1.0240
-0.0916
0.2896
-0.1203
0.6335
-1.1271
0.3260
1.4807
0.3540
0.8506
1.3086
0.8830
-1.0058
-1.0652
-0.9184
-1.2423
-1.1929
-1.0042
0.3988
1.2446
1.6980
2.1474
0.5404
0.5350
-0.0096
-0.0941
-0.3790
0.7255
0.8022
