2.3669
3.2388
0.9494
-0.8263
-2.7587
-2.1170
-2.2809
-2.2980
-0.9311
0.2549
1.4299
1.4483
1.7546
1.8958
1.0316
0.2983
-0.4043
0.0453
-0.4048
-0.1146
0.0606
0.1800
0.1669
1.2476
2.7302
3.5415
4.1444
4.1368
4.3674
4.2788
4.2184
4.1038
3.5015
3.5430
3.4765
3.6528
3.8372
3.7232
4.6103
5.3035
5.9146
5.9610
5.8344
6.0557
6.4334
6.5643
7.3982
7.8965
8.7252
9.1688
9.8301
10.8984
11.3673
10.3313
9.1822
8.2018
5.8105
3.5702
1.6118
1.1261
0.7468
0.3651
-0.2480
-0.4682
-1.0723
-2.1165
-2.5893
-3.2928
-3.6451
-4.0831
-4.5711
-3.9216
-3.3155
-2.6566
-1.8451
-0.9324
0.1536
0.6670
1.4209
2.1706
2.4328
