5.9600
5.9464
5.9008
5.8319
6.0868
4.7958
3.9865
2.9030
3.0284
2.9203
2.6049
2.6110
2.5520
2.3004
2.4894
2.9520
3.3077
2.9907
2.5633
2.1061
1.5273
0.0622
-0.6884
-1.1228
-1.8744
-2.1048
-2.6128
-3.1181
-3.7772
-3.7364
-4.0749
-3.8011
-4.3547
-4.7258
-5.0071
-5.2381
-5.3356
-5.3179
-6.3200
-7.3539
-7.7509
-7.9566
-7.6156
-7.3631
-7.5071
-7.6628
-8.1398
-8.0368
-7.2692
-7.0673
-6.6159
-6.0788
-5.9015
-2.4544
0.9943
4.6921
5.1949
5.8353
6.9643
7.9149
8.7314
9.6335
9.1507
8.9455
8.2415
7.7294
7.4569
6.8243
6.1884
5.7663
5.1501
4.6739
4.4770
3.9991
3.0507
2.5150
2.1189
2.1266
1.8837
1.2872
1.2306
