0.2047
0.1339
-0.0251
-0.1696
-0.3052
-0.2131
-0.1577
-0.0892
0.0560
0.2338
0.3840
0.3647
0.3274
0.2885
0.0868
-0.0704
-0.2512
-0.2051
-0.1930
-0.1976
-0.0086
0.1379
0.2884
0.2444
0.2409
0.1882
0.0159
-0.1543
-0.3145
-0.2811
-0.1968
-0.1817
0.0732
0.2636
0.4609
0.4829
0.4674
0.4917
0.2991
0.0731
-0.1048
-0.1594
-0.2207
-0.2793
-0.0341
0.1577
0.3402
0.4023
0.4882
0.5724
0.3983
0.2864
0.1134
0.0659
-0.0041
-0.0531
0.0368
0.1045
0.1844
0.2018
0.2014
0.2054
0.0551
-0.0087
-0.1203
-0.1770
-0.2042
-0.2463
-0.1447
-0.0827
-0.0361
0.0483
0.1359
0.1743
0.1914
0.1963
0.2080
0.1460
0.1238
0.0833
0.0482
