6.1150 6.0217 5.9106 5.7832 5.6034 5.4451 5.2864 4.3301 3.3738 2.4025 2.3385
6.0217 5.9106 5.7832 5.6034 5.4451 5.2864 4.3301 3.3738 2.4025 2.3385 2.2461
5.9106 5.7832 5.6034 5.4451 5.2864 4.3301 3.3738 2.4025 2.3385 2.2461 2.1877
5.7832 5.6034 5.4451 5.2864 4.3301 3.3738 2.4025 2.3385 2.2461 2.1877 2.0488
5.6034 5.4451 5.2864 4.3301 3.3738 2.4025 2.3385 2.2461 2.1877 2.0488 1.9337
5.4451 5.2864 4.3301 3.3738 2.4025 2.3385 2.2461 2.1877 2.0488 1.9337 1.8376
5.2864 4.3301 3.3738 2.4025 2.3385 2.2461 2.1877 2.0488 1.9337 1.8376 2.0954
4.3301 3.3738 2.4025 2.3385 2.2461 2.1877 2.0488 1.9337 1.8376 2.0954 2.3502
3.3738 2.4025 2.3385 2.2461 2.1877 2.0488 1.9337 1.8376 2.0954 2.3502 2.6030
2.4025 2.3385 2.2461 2.1877 2.0488 1.9337 1.8376 2.0954 2.3502 2.6030 2.4724
2.3385 2.2461 2.1877 2.0488 1.9337 1.8376 2.0954 2.3502 2.6030 2.4724 2.3331
2.2461 2.1877 2.0488 1.9337 1.8376 2.0954 2.3502 2.6030 2.4724 2.3331 2.1887
2.1877 2.0488 1.9337 1.8376 2.0954 2.3502 2.6030 2.4724 2.3331 2.1887 1.2693
2.0488 1.9337 1.8376 2.0954 2.3502 2.6030 2.4724 2.3331 2.1887 1.2693 0.3292
1.9337 1.8376 2.0954 2.3502 2.6030 2.4724 2.3331 2.1887 1.2693 0.3292 -0.6068
1.8376 2.0954 2.3502 2.6030 2.4724 2.3331 2.1887 1.2693 0.3292 -0.6068 -1.0139
2.0954 2.3502 2.6030 2.4724 2.3331 2.1887 1.2693 0.3292 -0.6068 -1.0139 -1.4080
2.3502 2.6030 2.4724 2.3331 2.1887 1.2693 0.3292 -0.6068 -1.0139 -1.4080 -1.7930
2.6030 2.4724 2.3331 2.1887 1.2693 0.3292 -0.6068 -1.0139 -1.4080 -1.7930 -2.3450
2.4724 2.3331 2.1887 1.2693 0.3292 -0.6068 -1.0139 -1.4080 -1.7930 -2.3450 -2.9098
2.3331 2.1887 1.2693 0.3292 -0.6068 -1.0139 -1.4080 -1.7930 -2.3450 -2.9098 -3.4850
2.1887 1.2693 0.3292 -0.6068 -1.0139 -1.4080 -1.7930 -2.3450 -2.9098 -3.4850 -3.5498
1.2693 0.3292 -0.6068 -1.0139 -1.4080 -1.7930 -2.3450 -2.9098 -3.4850 -3.5498 -3.6161
0.3292 -0.6068 -1.0139 -1.4080 -1.7930 -2.3450 -2.9098 -3.4850 -3.5498 -3.6161 -3.6795
-0.6068 -1.0139 -1.4080 -1.7930 -2.3450 -2.9098 -3.4850 -3.5498 -3.6161 -3.6795 -3.8976
-1.0139 -1.4080 -1.7930 -2.3450 -2.9098 -3.4850 -3.5498 -3.6161 -3.6795 -3.8976 -4.1244
-1.4080 -1.7930 -2.3450 -2.9098 -3.4850 -3.5498 -3.6161 -3.6795 -3.8976 -4.1244 -4.3626
-1.7930 -2.3450 -2.9098 -3.4850 -3.5498 -3.6161 -3.6795 -3.8976 -4.1244 -4.3626 -4.9908
-2.3450 -2.9098 -3.4850 -3.5498 -3.6161 -3.6795 -3.8976 -4.1244 -4.3626 -4.9908 -5.6050
-2.9098 -3.4850 -3.5498 -3.6161 -3.6795 -3.8976 -4.1244 -4.3626 -4.9908 -5.6050 -6.2084
-3.4850 -3.5498 -3.6161 -3.6795 -3.8976 -4.1244 -4.3626 -4.9908 -5.6050 -6.2084 -6.9393
-3.5498 -3.6161 -3.6795 -3.8976 -4.1244 -4.3626 -4.9908 -5.6050 -6.2084 -6.9393 -7.6723
-3.6161 -3.6795 -3.8976 -4.1244 -4.3626 -4.9908 -5.6050 -6.2084 -6.9393 -7.6723 -8.4031
-3.6795 -3.8976 -4.1244 -4.3626 -4.9908 -5.6050 -6.2084 -6.9393 -7.6723 -8.4031 -7.8455
-3.8976 -4.1244 -4.3626 -4.9908 -5.6050 -6.2084 -6.9393 -7.6723 -8.4031 -7.8455 -7.2918
-4.1244 -4.3626 -4.9908 -5.6050 -6.2084 -6.9393 -7.6723 -8.4031 -7.8455 -7.2918 -6.7500
-4.3626 -4.9908 -5.6050 -6.2084 -6.9393 -7.6723 -8.4031 -7.8455 -7.2918 -6.7500 -6.4833
-4.9908 -5.6050 -6.2084 -6.9393 -7.6723 -8.4031 -7.8455 -7.2918 -6.7500 -6.4833 -6.1736
-5.6050 -6.2084 -6.9393 -7.6723 -8.4031 -7.8455 -7.2918 -6.7500 -6.4833 -6.1736 -5.7642
-6.2084 -6.9393 -7.6723 -8.4031 -7.8455 -7.2918 -6.7500 -6.4833 -6.1736 -5.7642 -6.1640
-6.9393 -7.6723 -8.4031 -7.8455 -7.2918 -6.7500 -6.4833 -6.1736 -5.7642 -6.1640 -6.5940
-7.6723 -8.4031 -7.8455 -7.2918 -6.7500 -6.4833 -6.1736 -5.7642 -6.1640 -6.5940 -7.0828
-8.4031 -7.8455 -7.2918 -6.7500 -6.4833 -6.1736 -5.7642 -6.1640 -6.5940 -7.0828 -5.3469
-7.8455 -7.2918 -6.7500 -6.4833 -6.1736 -5.7642 -6.1640 -6.5940 -7.0828 -5.3469 -3.6878
-7.2918 -6.7500 -6.4833 -6.1736 -5.7642 -6.1640 -6.5940 -7.0828 -5.3469 -3.6878 -2.1290
-6.7500 -6.4833 -6.1736 -5.7642 -6.1640 -6.5940 -7.0828 -5.3469 -3.6878 -2.1290 0.3464
-6.4833 -6.1736 -5.7642 -6.1640 -6.5940 -7.0828 -5.3469 -3.6878 -2.1290 0.3464 2.8716
-6.1736 -5.7642 -6.1640 -6.5940 -7.0828 -5.3469 -3.6878 -2.1290 0.3464 2.8716 5.5211
-5.7642 -6.1640 -6.5940 -7.0828 -5.3469 -3.6878 -2.1290 0.3464 2.8716 5.5211 5.5348
-6.1640 -6.5940 -7.0828 -5.3469 -3.6878 -2.1290 0.3464 2.8716 5.5211 5.5348 5.5722
-6.5940 -7.0828 -5.3469 -3.6878 -2.1290 0.3464 2.8716 5.5211 5.5348 5.5722 5.6363
-7.0828 -5.3469 -3.6878 -2.1290 0.3464 2.8716 5.5211 5.5348 5.5722 5.6363 6.8274
-5.3469 -3.6878 -2.1290 0.3464 2.8716 5.5211 5.5348 5.5722 5.6363 6.8274 8.0347
-3.6878 -2.1290 0.3464 2.8716 5.5211 5.5348 5.5722 5.6363 6.8274 8.0347 9.2079
-2.1290 0.3464 2.8716 5.5211 5.5348 5.5722 5.6363 6.8274 8.0347 9.2079 9.1717
0.3464 2.8716 5.5211 5.5348 5.5722 5.6363 6.8274 8.0347 9.2079 9.1717 9.1156
2.8716 5.5211 5.5348 5.5722 5.6363 6.8274 8.0347 9.2079 9.1717 9.1156 9.0673
5.5211 5.5348 5.5722 5.6363 6.8274 8.0347 9.2079 9.1717 9.1156 9.0673 8.6465
5.5348 5.5722 5.6363 6.8274 8.0347 9.2079 9.1717 9.1156 9.0673 8.6465 8.2548
5.5722 5.6363 6.8274 8.0347 9.2079 9.1717 9.1156 9.0673 8.6465 8.2548 7.8797
5.6363 6.8274 8.0347 9.2079 9.1717 9.1156 9.0673 8.6465 8.2548 7.8797 7.2776
6.8274 8.0347 9.2079 9.1717 9.1156 9.0673 8.6465 8.2548 7.8797 7.2776 6.6361
8.0347 9.2079 9.1717 9.1156 9.0673 8.6465 8.2548 7.8797 7.2776 6.6361 5.9672
9.2079 9.1717 9.1156 9.0673 8.6465 8.2548 7.8797 7.2776 6.6361 5.9672 5.6425
9.1717 9.1156 9.0673 8.6465 8.2548 7.8797 7.2776 6.6361 5.9672 5.6425 5.3020
9.1156 9.0673 8.6465 8.2548 7.8797 7.2776 6.6361 5.9672 5.6425 5.3020 4.9616
9.0673 8.6465 8.2548 7.8797 7.2776 6.6361 5.9672 5.6425 5.3020 4.9616 4.5895
8.6465 8.2548 7.8797 7.2776 6.6361 5.9672 5.6425 5.3020 4.9616 4.5895 4.2403
8.2548 7.8797 7.2776 6.6361 5.9672 5.6425 5.3020 4.9616 4.5895 4.2403 3.8769
7.8797 7.2776 6.6361 5.9672 5.6425 5.3020 4.9616 4.5895 4.2403 3.8769 3.7580
7.2776 6.6361 5.9672 5.6425 5.3020 4.9616 4.5895 4.2403 3.8769 3.7580 3.6569
6.6361 5.9672 5.6425 5.3020 4.9616 4.5895 4.2403 3.8769 3.7580 3.6569 3.5490
5.9672 5.6425 5.3020 4.9616 4.5895 4.2403 3.8769 3.7580 3.6569 3.5490 3.2090
5.6425 5.3020 4.9616 4.5895 4.2403 3.8769 3.7580 3.6569 3.5490 3.2090 2.8520
5.3020 4.9616 4.5895 4.2403 3.8769 3.7580 3.6569 3.5490 3.2090 2.8520 2.5102
4.9616 4.5895 4.2403 3.8769 3.7580 3.6569 3.5490 3.2090 2.8520 2.5102 2.4399
4.5895 4.2403 3.8769 3.7580 3.6569 3.5490 3.2090 2.8520 2.5102 2.4399 2.3839
4.2403 3.8769 3.7580 3.6569 3.5490 3.2090 2.8520 2.5102 2.4399 2.3839 2.3285
3.8769 3.7580 3.6569 3.5490 3.2090 2.8520 2.5102 2.4399 2.3839 2.3285 3.0939
3.7580 3.6569 3.5490 3.2090 2.8520 2.5102 2.4399 2.3839 2.3285 3.0939 3.8820
3.6569 3.5490 3.2090 2.8520 2.5102 2.4399 2.3839 2.3285 3.0939 3.8820 4.6668
3.5490 3.2090 2.8520 2.5102 2.4399 2.3839 2.3285 3.0939 3.8820 4.6668 3.8581
