0.2049 0.2600 0.1984 0.1329 0.0635 -0.0231 -0.1056 -0.1850 -0.1406 -0.0958 -0.0521
0.2600 0.1984 0.1329 0.0635 -0.0231 -0.1056 -0.1850 -0.1406 -0.0958 -0.0521 0.0500
0.1984 0.1329 0.0635 -0.0231 -0.1056 -0.1850 -0.1406 -0.0958 -0.0521 0.0500 0.1522
0.1329 0.0635 -0.0231 -0.1056 -0.1850 -0.1406 -0.0958 -0.0521 0.0500 0.1522 0.2544
0.0635 -0.0231 -0.1056 -0.1850 -0.1406 -0.0958 -0.0521 0.0500 0.1522 0.2544 0.2382
-0.0231 -0.1056 -0.1850 -0.1406 -0.0958 -0.0521 0.0500 0.1522 0.2544 0.2382 0.2217
-0.1056 -0.1850 -0.1406 -0.0958 -0.0521 0.0500 0.1522 0.2544 0.2382 0.2217 0.2051
-0.1850 -0.1406 -0.0958 -0.0521 0.0500 0.1522 0.2544 0.2382 0.2217 0.2051 0.1146
-0.1406 -0.0958 -0.0521 0.0500 0.1522 0.2544 0.2382 0.2217 0.2051 0.1146 0.0280
-0.0958 -0.0521 0.0500 0.1522 0.2544 0.2382 0.2217 0.2051 0.1146 0.0280 -0.0558
-0.0521 0.0500 0.1522 0.2544 0.2382 0.2217 0.2051 0.1146 0.0280 -0.0558 -0.0443
0.0500 0.1522 0.2544 0.2382 0.2217 0.2051 0.1146 0.0280 -0.0558 -0.0443 -0.0375
0.1522 0.2544 0.2382 0.2217 0.2051 0.1146 0.0280 -0.0558 -0.0443 -0.0375 -0.0342
0.2544 0.2382 0.2217 0.2051 0.1146 0.0280 -0.0558 -0.0443 -0.0375 -0.0342 0.0255
0.2382 0.2217 0.2051 0.1146 0.0280 -0.0558 -0.0443 -0.0375 -0.0342 0.0255 0.0852
0.2217 0.2051 0.1146 0.0280 -0.0558 -0.0443 -0.0375 -0.0342 0.0255 0.0852 0.1505
0.2051 0.1146 0.0280 -0.0558 -0.0443 -0.0375 -0.0342 0.0255 0.0852 0.1505 0.1289
0.1146 0.0280 -0.0558 -0.0443 -0.0375 -0.0342 0.0255 0.0852 0.1505 0.1289 0.1052
0.0280 -0.0558 -0.0443 -0.0375 -0.0342 0.0255 0.0852 0.1505 0.1289 0.1052 0.0779
-0.0558 -0.0443 -0.0375 -0.0342 0.0255 0.0852 0.1505 0.1289 0.1052 0.0779 -0.0035
-0.0443 -0.0375 -0.0342 0.0255 0.0852 0.1505 0.1289 0.1052 0.0779 -0.0035 -0.0866
-0.0375 -0.0342 0.0255 0.0852 0.1505 0.1289 0.1052 0.0779 -0.0035 -0.0866 -0.1669
-0.0342 0.0255 0.0852 0.1505 0.1289 0.1052 0.0779 -0.0035 -0.0866 -0.1669 -0.1391
0.0255 0.0852 0.1505 0.1289 0.1052 0.0779 -0.0035 -0.0866 -0.1669 -0.1391 -0.1158
0.0852 0.1505 0.1289 0.1052 0.0779 -0.0035 -0.0866 -0.1669 -0.1391 -0.1158 -0.0950
0.1505 0.1289 0.1052 0.0779 -0.0035 -0.0866 -0.1669 -0.1391 -0.1158 -0.0950 0.0220
0.1289 0.1052 0.0779 -0.0035 -0.0866 -0.1669 -0.1391 -0.1158 -0.0950 0.0220 0.1399
0.1052 0.0779 -0.0035 -0.0866 -0.1669 -0.1391 -0.1158 -0.0950 0.0220 0.1399 0.2608
0.0779 -0.0035 -0.0866 -0.1669 -0.1391 -0.1158 -0.0950 0.0220 0.1399 0.2608 0.2750
-0.0035 -0.0866 -0.1669 -0.1391 -0.1158 -0.0950 0.0220 0.1399 0.2608 0.2750 0.2930
-0.0866 -0.1669 -0.1391 -0.1158 -0.0950 0.0220 0.1399 0.2608 0.2750 0.2930 0.3110
-0.1669 -0.1391 -0.1158 -0.0950 0.0220 0.1399 0.2608 0.2750 0.2930 0.3110 0.2051
-0.1391 -0.1158 -0.0950 0.0220 0.1399 0.2608 0.2750 0.2930 0.3110 0.2051 0.0973
-0.1158 -0.0950 0.0220 0.1399 0.2608 0.2750 0.2930 0.3110 0.2051 0.0973 -0.0148
-0.0950 0.0220 0.1399 0.2608 0.2750 0.2930 0.3110 0.2051 0.0973 -0.0148 -0.0209
0.0220 0.1399 0.2608 0.2750 0.2930 0.3110 0.2051 0.0973 -0.0148 -0.0209 -0.0265
0.1399 0.2608 0.2750 0.2930 0.3110 0.2051 0.0973 -0.0148 -0.0209 -0.0265 -0.0313
0.2608 0.2750 0.2930 0.3110 0.2051 0.0973 -0.0148 -0.0209 -0.0265 -0.0313 0.0865
0.2750 0.2930 0.3110 0.2051 0.0973 -0.0148 -0.0209 -0.0265 -0.0313 0.0865 0.2115
0.2930 0.3110 0.2051 0.0973 -0.0148 -0.0209 -0.0265 -0.0313 0.0865 0.2115 0.3468
0.3110 0.2051 0.0973 -0.0148 -0.0209 -0.0265 -0.0313 0.0865 0.2115 0.3468 0.3615
0.2051 0.0973 -0.0148 -0.0209 -0.0265 -0.0313 0.0865 0.2115 0.3468 0.3615 0.3887
0.0973 -0.0148 -0.0209 -0.0265 -0.0313 0.0865 0.2115 0.3468 0.3615 0.3887 0.4202
-0.0148 -0.0209 -0.0265 -0.0313 0.0865 0.2115 0.3468 0.3615 0.3887 0.4202 0.2889
-0.0209 -0.0265 -0.0313 0.0865 0.2115 0.3468 0.3615 0.3887 0.4202 0.2889 0.1393
-0.0265 -0.0313 0.0865 0.2115 0.3468 0.3615 0.3887 0.4202 0.2889 0.1393 -0.0171
-0.0313 0.0865 0.2115 0.3468 0.3615 0.3887 0.4202 0.2889 0.1393 -0.0171 -0.0610
0.0865 0.2115 0.3468 0.3615 0.3887 0.4202 0.2889 0.1393 -0.0171 -0.0610 -0.0976
0.2115 0.3468 0.3615 0.3887 0.4202 0.2889 0.1393 -0.0171 -0.0610 -0.0976 -0.1322
0.3468 0.3615 0.3887 0.4202 0.2889 0.1393 -0.0171 -0.0610 -0.0976 -0.1322 0.0191
0.3615 0.3887 0.4202 0.2889 0.1393 -0.0171 -0.0610 -0.0976 -0.1322 0.0191 0.1793
0.3887 0.4202 0.2889 0.1393 -0.0171 -0.0610 -0.0976 -0.1322 0.0191 0.1793 0.3587
0.4202 0.2889 0.1393 -0.0171 -0.0610 -0.0976 -0.1322 0.0191 0.1793 0.3587 0.3588
0.2889 0.1393 -0.0171 -0.0610 -0.0976 -0.1322 0.0191 0.1793 0.3587 0.3588 0.3531
0.1393 -0.0171 -0.0610 -0.0976 -0.1322 0.0191 0.1793 0.3587 0.3588 0.3531 0.3457
-0.0171 -0.0610 -0.0976 -0.1322 0.0191 0.1793 0.3587 0.3588 0.3531 0.3457 0.0876
-0.0610 -0.0976 -0.1322 0.0191 0.1793 0.3587 0.3588 0.3531 0.3457 0.0876 -0.1991
-0.0976 -0.1322 0.0191 0.1793 0.3587 0.3588 0.3531 0.3457 0.0876 -0.1991 -0.4875
-0.1322 0.0191 0.1793 0.3587 0.3588 0.3531 0.3457 0.0876 -0.1991 -0.4875 -0.5025
0.0191 0.1793 0.3587 0.3588 0.3531 0.3457 0.0876 -0.1991 -0.4875 -0.5025 -0.3566
0.1793 0.3587 0.3588 0.3531 0.3457 0.0876 -0.1991 -0.4875 -0.5025 -0.3566 -0.3296
0.3587 0.3588 0.3531 0.3457 0.0876 -0.1991 -0.4875 -0.5025 -0.3566 -0.3296 -0.0284
0.3588 0.3531 0.3457 0.0876 -0.1991 -0.4875 -0.5025 -0.3566 -0.3296 -0.0284 0.3889
0.3531 0.3457 0.0876 -0.1991 -0.4875 -0.5025 -0.3566 -0.3296 -0.0284 0.3889 0.5915
0.3457 0.0876 -0.1991 -0.4875 -0.5025 -0.3566 -0.3296 -0.0284 0.3889 0.5915 0.3950
0.0876 -0.1991 -0.4875 -0.5025 -0.3566 -0.3296 -0.0284 0.3889 0.5915 0.3950 0.3364
-0.1991 -0.4875 -0.5025 -0.3566 -0.3296 -0.0284 0.3889 0.5915 0.3950 0.3364 0.1595
-0.4875 -0.5025 -0.3566 -0.3296 -0.0284 0.3889 0.5915 0.3950 0.3364 0.1595 -0.0803
-0.5025 -0.3566 -0.3296 -0.0284 0.3889 0.5915 0.3950 0.3364 0.1595 -0.0803 -0.3958
-0.3566 -0.3296 -0.0284 0.3889 0.5915 0.3950 0.3364 0.1595 -0.0803 -0.3958 -0.5522
-0.3296 -0.0284 0.3889 0.5915 0.3950 0.3364 0.1595 -0.0803 -0.3958 -0.5522 0.0294
-0.0284 0.3889 0.5915 0.3950 0.3364 0.1595 -0.0803 -0.3958 -0.5522 0.0294 -0.0288
0.3889 0.5915 0.3950 0.3364 0.1595 -0.0803 -0.3958 -0.5522 0.0294 -0.0288 -0.0642
0.5915 0.3950 0.3364 0.1595 -0.0803 -0.3958 -0.5522 0.0294 -0.0288 -0.0642 -0.1111
0.3950 0.3364 0.1595 -0.0803 -0.3958 -0.5522 0.0294 -0.0288 -0.0642 -0.1111 -0.1876
0.3364 0.1595 -0.0803 -0.3958 -0.5522 0.0294 -0.0288 -0.0642 -0.1111 -0.1876 -0.2430
0.1595 -0.0803 -0.3958 -0.5522 0.0294 -0.0288 -0.0642 -0.1111 -0.1876 -0.2430 0.4393
-0.0803 -0.3958 -0.5522 0.0294 -0.0288 -0.0642 -0.1111 -0.1876 -0.2430 0.4393 0.3434
-0.3958 -0.5522 0.0294 -0.0288 -0.0642 -0.1111 -0.1876 -0.2430 0.4393 0.3434 0.2889
-0.5522 0.0294 -0.0288 -0.0642 -0.1111 -0.1876 -0.2430 0.4393 0.3434 0.2889 0.0909
0.0294 -0.0288 -0.0642 -0.1111 -0.1876 -0.2430 0.4393 0.3434 0.2889 0.0909 -0.2015
-0.0288 -0.0642 -0.1111 -0.1876 -0.2430 0.4393 0.3434 0.2889 0.0909 -0.2015 -0.6554
