0.2521 0.2177 0.1786 0.0593 -0.0561 -0.1687 -0.1287 -0.0908 -0.0563 0.0702 0.1974
0.2177 0.1786 0.0593 -0.0561 -0.1687 -0.1287 -0.0908 -0.0563 0.0702 0.1974 0.3238
0.1786 0.0593 -0.0561 -0.1687 -0.1287 -0.0908 -0.0563 0.0702 0.1974 0.3238 0.3031
0.0593 -0.0561 -0.1687 -0.1287 -0.0908 -0.0563 0.0702 0.1974 0.3238 0.3031 0.2854
-0.0561 -0.1687 -0.1287 -0.0908 -0.0563 0.0702 0.1974 0.3238 0.3031 0.2854 0.2722
-0.1687 -0.1287 -0.0908 -0.0563 0.0702 0.1974 0.3238 0.3031 0.2854 0.2722 0.1445
-0.1287 -0.0908 -0.0563 0.0702 0.1974 0.3238 0.3031 0.2854 0.2722 0.1445 0.0142
-0.0908 -0.0563 0.0702 0.1974 0.3238 0.3031 0.2854 0.2722 0.1445 0.0142 -0.1163
-0.0563 0.0702 0.1974 0.3238 0.3031 0.2854 0.2722 0.1445 0.0142 -0.1163 -0.1184
0.0702 0.1974 0.3238 0.3031 0.2854 0.2722 0.1445 0.0142 -0.1163 -0.1184 -0.1157
0.1974 0.3238 0.3031 0.2854 0.2722 0.1445 0.0142 -0.1163 -0.1184 -0.1157 -0.1093
0.3238 0.3031 0.2854 0.2722 0.1445 0.0142 -0.1163 -0.1184 -0.1157 -0.1093 0.0160
0.3031 0.2854 0.2722 0.1445 0.0142 -0.1163 -0.1184 -0.1157 -0.1093 0.0160 0.1302
0.2854 0.2722 0.1445 0.0142 -0.1163 -0.1184 -0.1157 -0.1093 0.0160 0.1302 0.2397
0.2722 0.1445 0.0142 -0.1163 -0.1184 -0.1157 -0.1093 0.0160 0.1302 0.2397 0.2375
0.1445 0.0142 -0.1163 -0.1184 -0.1157 -0.1093 0.0160 0.1302 0.2397 0.2375 0.2430
0.0142 -0.1163 -0.1184 -0.1157 -0.1093 0.0160 0.1302 0.2397 0.2375 0.2430 0.2532
-0.1163 -0.1184 -0.1157 -0.1093 0.0160 0.1302 0.2397 0.2375 0.2430 0.2532 0.1259
-0.1184 -0.1157 -0.1093 0.0160 0.1302 0.2397 0.2375 0.2430 0.2532 0.1259 -0.0091
-0.1157 -0.1093 0.0160 0.1302 0.2397 0.2375 0.2430 0.2532 0.1259 -0.0091 -0.1425
-0.1093 0.0160 0.1302 0.2397 0.2375 0.2430 0.2532 0.1259 -0.0091 -0.1425 -0.1399
0.0160 0.1302 0.2397 0.2375 0.2430 0.2532 0.1259 -0.0091 -0.1425 -0.1399 -0.1373
0.1302 0.2397 0.2375 0.2430 0.2532 0.1259 -0.0091 -0.1425 -0.1399 -0.1373 -0.1375
0.2397 0.2375 0.2430 0.2532 0.1259 -0.0091 -0.1425 -0.1399 -0.1373 -0.1375 0.0276
0.2375 0.2430 0.2532 0.1259 -0.0091 -0.1425 -0.1399 -0.1373 -0.1375 0.0276 0.1840
0.2430 0.2532 0.1259 -0.0091 -0.1425 -0.1399 -0.1373 -0.1375 0.0276 0.1840 0.3507
0.2532 0.1259 -0.0091 -0.1425 -0.1399 -0.1373 -0.1375 0.0276 0.1840 0.3507 0.3814
0.1259 -0.0091 -0.1425 -0.1399 -0.1373 -0.1375 0.0276 0.1840 0.3507 0.3814 0.4203
-0.0091 -0.1425 -0.1399 -0.1373 -0.1375 0.0276 0.1840 0.3507 0.3814 0.4203 0.4714
-0.1425 -0.1399 -0.1373 -0.1375 0.0276 0.1840 0.3507 0.3814 0.4203 0.4714 0.3050
-0.1399 -0.1373 -0.1375 0.0276 0.1840 0.3507 0.3814 0.4203 0.4714 0.3050 0.1438
-0.1373 -0.1375 0.0276 0.1840 0.3507 0.3814 0.4203 0.4714 0.3050 0.1438 -0.0110
-0.1375 0.0276 0.1840 0.3507 0.3814 0.4203 0.4714 0.3050 0.1438 -0.0110 -0.0622
0.0276 0.1840 0.3507 0.3814 0.4203 0.4714 0.3050 0.1438 -0.0110 -0.0622 -0.1125
0.1840 0.3507 0.3814 0.4203 0.4714 0.3050 0.1438 -0.0110 -0.0622 -0.1125 -0.1628
0.3507 0.3814 0.4203 0.4714 0.3050 0.1438 -0.0110 -0.0622 -0.1125 -0.1628 -0.0179
0.3814 0.4203 0.4714 0.3050 0.1438 -0.0110 -0.0622 -0.1125 -0.1628 -0.0179 0.1263
0.4203 0.4714 0.3050 0.1438 -0.0110 -0.0622 -0.1125 -0.1628 -0.0179 0.1263 0.2814
0.4714 0.3050 0.1438 -0.0110 -0.0622 -0.1125 -0.1628 -0.0179 0.1263 0.2814 0.3503
0.3050 0.1438 -0.0110 -0.0622 -0.1125 -0.1628 -0.0179 0.1263 0.2814 0.3503 0.4206
0.1438 -0.0110 -0.0622 -0.1125 -0.1628 -0.0179 0.1263 0.2814 0.3503 0.4206 0.5001
-0.0110 -0.0622 -0.1125 -0.1628 -0.0179 0.1263 0.2814 0.3503 0.4206 0.5001 0.3737
-0.0622 -0.1125 -0.1628 -0.0179 0.1263 0.2814 0.3503 0.4206 0.5001 0.3737 0.2419
-0.1125 -0.1628 -0.0179 0.1263 0.2814 0.3503 0.4206 0.5001 0.3737 0.2419 0.1047
-0.1628 -0.0179 0.1263 0.2814 0.3503 0.4206 0.5001 0.3737 0.2419 0.1047 0.0162
-0.0179 0.1263 0.2814 0.3503 0.4206 0.5001 0.3737 0.2419 0.1047 0.0162 -0.0758
0.1263 0.2814 0.3503 0.4206 0.5001 0.3737 0.2419 0.1047 0.0162 -0.0758 -0.1719
0.2814 0.3503 0.4206 0.5001 0.3737 0.2419 0.1047 0.0162 -0.0758 -0.1719 -0.0632
0.3503 0.4206 0.5001 0.3737 0.2419 0.1047 0.0162 -0.0758 -0.1719 -0.0632 0.0428
0.4206 0.5001 0.3737 0.2419 0.1047 0.0162 -0.0758 -0.1719 -0.0632 0.0428 0.1466
0.5001 0.3737 0.2419 0.1047 0.0162 -0.0758 -0.1719 -0.0632 0.0428 0.1466 0.1969
0.3737 0.2419 0.1047 0.0162 -0.0758 -0.1719 -0.0632 0.0428 0.1466 0.1969 0.2448
0.2419 0.1047 0.0162 -0.0758 -0.1719 -0.0632 0.0428 0.1466 0.1969 0.2448 0.2896
0.1047 0.0162 -0.0758 -0.1719 -0.0632 0.0428 0.1466 0.1969 0.2448 0.2896 0.1307
0.0162 -0.0758 -0.1719 -0.0632 0.0428 0.1466 0.1969 0.2448 0.2896 0.1307 -0.0284
-0.0758 -0.1719 -0.0632 0.0428 0.1466 0.1969 0.2448 0.2896 0.1307 -0.0284 -0.1954
-0.1719 -0.0632 0.0428 0.1466 0.1969 0.2448 0.2896 0.1307 -0.0284 -0.1954 -0.2864
-0.0632 0.0428 0.1466 0.1969 0.2448 0.2896 0.1307 -0.0284 -0.1954 -0.2864 -0.3757
0.0428 0.1466 0.1969 0.2448 0.2896 0.1307 -0.0284 -0.1954 -0.2864 -0.3757 -0.4766
0.1466 0.1969 0.2448 0.2896 0.1307 -0.0284 -0.1954 -0.2864 -0.3757 -0.4766 -0.3026
0.1969 0.2448 0.2896 0.1307 -0.0284 -0.1954 -0.2864 -0.3757 -0.4766 -0.3026 -0.1080
0.2448 0.2896 0.1307 -0.0284 -0.1954 -0.2864 -0.3757 -0.4766 -0.3026 -0.1080 0.0952
0.2896 0.1307 -0.0284 -0.1954 -0.2864 -0.3757 -0.4766 -0.3026 -0.1080 0.0952 0.2392
0.1307 -0.0284 -0.1954 -0.2864 -0.3757 -0.4766 -0.3026 -0.1080 0.0952 0.2392 0.3726
-0.0284 -0.1954 -0.2864 -0.3757 -0.4766 -0.3026 -0.1080 0.0952 0.2392 0.3726 0.4997
-0.1954 -0.2864 -0.3757 -0.4766 -0.3026 -0.1080 0.0952 0.2392 0.3726 0.4997 0.3699
-0.2864 -0.3757 -0.4766 -0.3026 -0.1080 0.0952 0.2392 0.3726 0.4997 0.3699 0.2500
-0.3757 -0.4766 -0.3026 -0.1080 0.0952 0.2392 0.3726 0.4997 0.3699 0.2500 0.1386
-0.4766 -0.3026 -0.1080 0.0952 0.2392 0.3726 0.4997 0.3699 0.2500 0.1386 0.0306
-0.3026 -0.1080 0.0952 0.2392 0.3726 0.4997 0.3699 0.2500 0.1386 0.0306 -0.0776
-0.1080 0.0952 0.2392 0.3726 0.4997 0.3699 0.2500 0.1386 0.0306 -0.0776 -0.1935
0.0952 0.2392 0.3726 0.4997 0.3699 0.2500 0.1386 0.0306 -0.0776 -0.1935 -0.0708
0.2392 0.3726 0.4997 0.3699 0.2500 0.1386 0.0306 -0.0776 -0.1935 -0.0708 0.0501
0.3726 0.4997 0.3699 0.2500 0.1386 0.0306 -0.0776 -0.1935 -0.0708 0.0501 0.1645
0.4997 0.3699 0.2500 0.1386 0.0306 -0.0776 -0.1935 -0.0708 0.0501 0.1645 0.2421
0.3699 0.2500 0.1386 0.0306 -0.0776 -0.1935 -0.0708 0.0501 0.1645 0.2421 0.3140
0.2500 0.1386 0.0306 -0.0776 -0.1935 -0.0708 0.0501 0.1645 0.2421 0.3140 0.3741
0.1386 0.0306 -0.0776 -0.1935 -0.0708 0.0501 0.1645 0.2421 0.3140 0.3741 0.2528
0.0306 -0.0776 -0.1935 -0.0708 0.0501 0.1645 0.2421 0.3140 0.3741 0.2528 0.1424
-0.0776 -0.1935 -0.0708 0.0501 0.1645 0.2421 0.3140 0.3741 0.2528 0.1424 0.0465
-0.1935 -0.0708 0.0501 0.1645 0.2421 0.3140 0.3741 0.2528 0.1424 0.0465 -0.0487
-0.0708 0.0501 0.1645 0.2421 0.3140 0.3741 0.2528 0.1424 0.0465 -0.0487 -0.1404
0.0501 0.1645 0.2421 0.3140 0.3741 0.2528 0.1424 0.0465 -0.0487 -0.1404 -0.2307
0.1645 0.2421 0.3140 0.3741 0.2528 0.1424 0.0465 -0.0487 -0.1404 -0.2307 -0.1576
0.2421 0.3140 0.3741 0.2528 0.1424 0.0465 -0.0487 -0.1404 -0.2307 -0.1576 -0.0926
0.3140 0.3741 0.2528 0.1424 0.0465 -0.0487 -0.1404 -0.2307 -0.1576 -0.0926 -0.0364
0.3741 0.2528 0.1424 0.0465 -0.0487 -0.1404 -0.2307 -0.1576 -0.0926 -0.0364 0.0562
0.2528 0.1424 0.0465 -0.0487 -0.1404 -0.2307 -0.1576 -0.0926 -0.0364 0.0562 0.1446
0.1424 0.0465 -0.0487 -0.1404 -0.2307 -0.1576 -0.0926 -0.0364 0.0562 0.1446 0.2301
0.0465 -0.0487 -0.1404 -0.2307 -0.1576 -0.0926 -0.0364 0.0562 0.1446 0.2301 0.2024
-0.0487 -0.1404 -0.2307 -0.1576 -0.0926 -0.0364 0.0562 0.1446 0.2301 0.2024 0.1763
-0.1404 -0.2307 -0.1576 -0.0926 -0.0364 0.0562 0.1446 0.2301 0.2024 0.1763 0.1599
-0.2307 -0.1576 -0.0926 -0.0364 0.0562 0.1446 0.2301 0.2024 0.1763 0.1599 0.0986
-0.1576 -0.0926 -0.0364 0.0562 0.1446 0.2301 0.2024 0.1763 0.1599 0.0986 0.0498
-0.0926 -0.0364 0.0562 0.1446 0.2301 0.2024 0.1763 0.1599 0.0986 0.0498 0.0128
