5.6565 5.5878 5.5020 5.4041 4.7599 4.1590 3.5764 3.4035 3.2352 3.0577 2.9604
5.5878 5.5020 5.4041 4.7599 4.1590 3.5764 3.4035 3.2352 3.0577 2.9604 2.8852
5.5020 5.4041 4.7599 4.1590 3.5764 3.4035 3.2352 3.0577 2.9604 2.8852 2.8206
5.4041 4.7599 4.1590 3.5764 3.4035 3.2352 3.0577 2.9604 2.8852 2.8206 3.0006
4.7599 4.1590 3.5764 3.4035 3.2352 3.0577 2.9604 2.8852 2.8206 3.0006 3.2048
4.1590 3.5764 3.4035 3.2352 3.0577 2.9604 2.8852 2.8206 3.0006 3.2048 3.4433
3.5764 3.4035 3.2352 3.0577 2.9604 2.8852 2.8206 3.0006 3.2048 3.4433 3.3429
3.4035 3.2352 3.0577 2.9604 2.8852 2.8206 3.0006 3.2048 3.4433 3.3429 3.2496
3.2352 3.0577 2.9604 2.8852 2.8206 3.0006 3.2048 3.4433 3.3429 3.2496 3.1319
3.0577 2.9604 2.8852 2.8206 3.0006 3.2048 3.4433 3.3429 3.2496 3.1319 1.8623
2.9604 2.8852 2.8206 3.0006 3.2048 3.4433 3.3429 3.2496 3.1319 1.8623 0.5838
2.8852 2.8206 3.0006 3.2048 3.4433 3.3429 3.2496 3.1319 1.8623 0.5838 -0.6901
2.8206 3.0006 3.2048 3.4433 3.3429 3.2496 3.1319 1.8623 0.5838 -0.6901 -1.1979
3.0006 3.2048 3.4433 3.3429 3.2496 3.1319 1.8623 0.5838 -0.6901 -1.1979 -1.7196
3.2048 3.4433 3.3429 3.2496 3.1319 1.8623 0.5838 -0.6901 -1.1979 -1.7196 -2.2477
3.4433 3.3429 3.2496 3.1319 1.8623 0.5838 -0.6901 -1.1979 -1.7196 -2.2477 -2.6669
3.3429 3.2496 3.1319 1.8623 0.5838 -0.6901 -1.1979 -1.7196 -2.2477 -2.6669 -3.0799
3.2496 3.1319 1.8623 0.5838 -0.6901 -1.1979 -1.7196 -2.2477 -2.6669 -3.0799 -3.4810
3.1319 1.8623 0.5838 -0.6901 -1.1979 -1.7196 -2.2477 -2.6669 -3.0799 -3.4810 -3.5403
1.8623 0.5838 -0.6901 -1.1979 -1.7196 -2.2477 -2.6669 -3.0799 -3.4810 -3.5403 -3.6164
0.5838 -0.6901 -1.1979 -1.7196 -2.2477 -2.6669 -3.0799 -3.4810 -3.5403 -3.6164 -3.6980
-0.6901 -1.1979 -1.7196 -2.2477 -2.6669 -3.0799 -3.4810 -3.5403 -3.6164 -3.6980 -4.0598
-1.1979 -1.7196 -2.2477 -2.6669 -3.0799 -3.4810 -3.5403 -3.6164 -3.6980 -4.0598 -4.4181
-1.7196 -2.2477 -2.6669 -3.0799 -3.4810 -3.5403 -3.6164 -3.6980 -4.0598 -4.4181 -4.7512
-2.2477 -2.6669 -3.0799 -3.4810 -3.5403 -3.6164 -3.6980 -4.0598 -4.4181 -4.7512 -4.5865
-2.6669 -3.0799 -3.4810 -3.5403 -3.6164 -3.6980 -4.0598 -4.4181 -4.7512 -4.5865 -4.4810
-3.0799 -3.4810 -3.5403 -3.6164 -3.6980 -4.0598 -4.4181 -4.7512 -4.5865 -4.4810 -4.3918
-3.4810 -3.5403 -3.6164 -3.6980 -4.0598 -4.4181 -4.7512 -4.5865 -4.4810 -4.3918 -5.3797
-3.5403 -3.6164 -3.6980 -4.0598 -4.4181 -4.7512 -4.5865 -4.4810 -4.3918 -5.3797 -6.3042
-3.6164 -3.6980 -4.0598 -4.4181 -4.7512 -4.5865 -4.4810 -4.3918 -5.3797 -6.3042 -7.2273
-3.6980 -4.0598 -4.4181 -4.7512 -4.5865 -4.4810 -4.3918 -5.3797 -6.3042 -7.2273 -6.8191
-4.0598 -4.4181 -4.7512 -4.5865 -4.4810 -4.3918 -5.3797 -6.3042 -7.2273 -6.8191 -6.4528
-4.4181 -4.7512 -4.5865 -4.4810 -4.3918 -5.3797 -6.3042 -7.2273 -6.8191 -6.4528 -6.0869
-4.7512 -4.5865 -4.4810 -4.3918 -5.3797 -6.3042 -7.2273 -6.8191 -6.4528 -6.0869 -6.0344
-4.5865 -4.4810 -4.3918 -5.3797 -6.3042 -7.2273 -6.8191 -6.4528 -6.0869 -6.0344 -6.0941
-4.4810 -4.3918 -5.3797 -6.3042 -7.2273 -6.8191 -6.4528 -6.0869 -6.0344 -6.0941 -6.2957
-4.3918 -5.3797 -6.3042 -7.2273 -6.8191 -6.4528 -6.0869 -6.0344 -6.0941 -6.2957 -6.6596
-5.3797 -6.3042 -7.2273 -6.8191 -6.4528 -6.0869 -6.0344 -6.0941 -6.2957 -6.6596 -6.8823
-6.3042 -7.2273 -6.8191 -6.4528 -6.0869 -6.0344 -6.0941 -6.2957 -6.6596 -6.8823 -7.0011
-7.2273 -6.8191 -6.4528 -6.0869 -6.0344 -6.0941 -6.2957 -6.6596 -6.8823 -7.0011 -6.4100
-6.8191 -6.4528 -6.0869 -6.0344 -6.0941 -6.2957 -6.6596 -6.8823 -7.0011 -6.4100 -5.7862
-6.4528 -6.0869 -6.0344 -6.0941 -6.2957 -6.6596 -6.8823 -7.0011 -6.4100 -5.7862 -5.2515
-6.0869 -6.0344 -6.0941 -6.2957 -6.6596 -6.8823 -7.0011 -6.4100 -5.7862 -5.2515 -1.7991
-6.0344 -6.0941 -6.2957 -6.6596 -6.8823 -7.0011 -6.4100 -5.7862 -5.2515 -1.7991 1.6170
-6.0941 -6.2957 -6.6596 -6.8823 -7.0011 -6.4100 -5.7862 -5.2515 -1.7991 1.6170 5.0697
-6.2957 -6.6596 -6.8823 -7.0011 -6.4100 -5.7862 -5.2515 -1.7991 1.6170 5.0697 5.1255
-6.6596 -6.8823 -7.0011 -6.4100 -5.7862 -5.2515 -1.7991 1.6170 5.0697 5.1255 5.1771
-6.8823 -7.0011 -6.4100 -5.7862 -5.2515 -1.7991 1.6170 5.0697 5.1255 5.1771 5.2233
-7.0011 -6.4100 -5.7862 -5.2515 -1.7991 1.6170 5.0697 5.1255 5.1771 5.2233 6.2835
