-0.3114
0.2851
0.9312
1.3894
1.5445
1.8847
2.0787
0.6554
-1.1840
-2.7389
-1.5266
-0.5193
0.5372
0.7654
0.7139
0.6815
0.8265
0.6410
0.5951
0.5386
0.6028
0.7996
0.6655
0.7292
0.6315
1.2899
1.9291
2.6895
2.8948
3.3152
3.6458
3.2247
2.8778
2.4716
2.7690
3.0524
3.2422
3.3751
3.3152
3.3005
4.0190
4.4304
4.9900
5.0226
5.1639
5.4100
6.0684
6.8763
7.6447
7.8576
8.2961
8.7844
9.4645
10.4068
11.0801
10.0417
9.0977
8.0602
6.6937
5.5786
4.1096
2.7392
1.5816
0.3032
-0.1768
-0.4940
-0.9707
-2.1174
-3.2571
-4.5447
-4.5474
-4.5136
-4.5797
-3.8420
-3.2507
-2.6435
-2.2384
-1.6838
-1.4189
-0.7171
0.0117
0.4295
0.9905
1.8089
2.5457
2.1813
1.8341
1.5891
1.7768
2.0268
2.1203
1.6112
1.1678
-0.6218
