-0.2338
-0.1083
-0.0348
0.0491
0.1130
0.1783
0.2327
0.1074
0.0075
-0.1141
-0.1925
-0.2178
-0.3316
-0.2196
-0.1249
0.0065
0.0883
0.2166
0.2983
0.1828
0.1248
-0.0001
-0.0921
-0.1852
-0.2560
-0.1802
-0.0872
-0.0181
0.0722
0.1483
0.2892
0.1612
0.1027
-0.0093
-0.1571
-0.2463
-0.3546
-0.2896
-0.1758
-0.0920
0.0402
0.1585
0.2391
0.2030
0.1766
0.1183
0.0133
-0.1460
-0.2339
-0.1934
-0.1474
-0.1154
0.0214
0.1544
0.2636
0.2813
0.2545
0.2772
0.1543
0.0579
-0.0811
-0.0255
0.0236
0.0715
0.1688
0.2276
0.3292
0.2898
0.2411
0.2223
0.0730
-0.0919
-0.2446
-0.2645
-0.2269
-0.2483
-0.1055
0.0535
0.1394
0.1720
0.2043
0.2907
0.1486
-0.0140
-0.1281
-0.1397
-0.1497
-0.1291
0.1085
0.1006
0.0695
-0.0449
-0.1617
-0.2524
