0.2846
0.2452
0.1942
0.1709
0.0649
-0.0161
-0.1272
-0.0776
-0.0666
-0.0446
0.0467
0.1464
0.2514
0.2345
0.1812
0.1577
0.0821
-0.0190
-0.1401
-0.1062
-0.0963
-0.0681
0.0427
0.1247
0.2266
0.1968
0.2131
0.1786
0.0787
-0.0248
-0.1306
-0.1288
-0.0990
-0.1106
0.0262
0.1545
0.2821
0.3392
0.3193
0.3823
0.2525
0.1275
0.0050
-0.0270
-0.0038
-0.0406
0.0955
0.1978
0.3529
0.3868
0.4245
0.4912
0.3447
0.1908
0.0698
-0.0115
-0.0716
-0.1343
0.0001
0.1125
0.2448
0.2901
0.3162
0.3619
0.1310
-0.0463
-0.2562
-0.3503
-0.4325
-0.5206
-0.2535
-0.0138
0.2421
0.3026
0.4596
0.5645
0.3668
0.2028
-0.0366
-0.1374
-0.2573
-0.3594
-0.1578
0.0769
0.2963
0.4056
0.5281
0.7308
0.4739
0.2349
-0.0433
-0.2782
-0.6441
0.1575
