5.4456
5.6938
5.3527
5.5113
5.1817
5.1673
4.8456
4.1305
3.4056
2.7351
2.4986
2.5570
2.4695
2.4081
2.1659
2.2026
2.1450
2.4332
2.6474
2.4610
2.5931
2.3631
1.4212
0.5326
-0.5168
-1.1616
-1.2871
-1.8240
-2.2721
-2.9120
-3.3494
-3.2052
-3.4605
-3.2561
-3.3809
-3.5069
-3.7689
-4.5078
-4.9592
-5.3994
-6.0309
-7.1654
-7.4928
-7.2342
-6.5065
-5.9109
-6.2174
-6.3191
-6.1480
-6.3464
-6.6303
-6.6204
-5.4099
-4.2500
-3.0009
-0.5101
2.3088
5.3086
5.2207
4.9118
5.2518
6.2568
7.6045
8.4799
8.7292
8.6587
8.5342
8.0866
7.9037
7.5025
7.2882
6.5567
6.0220
5.6500
5.2574
4.9641
4.4169
3.9203
2.9877
3.0633
2.9739
3.0943
2.7903
2.4085
1.8558
2.2591
2.5727
2.6619
3.3899
3.7042
4.4018
3.5576
2.8558
5.6685
