6.0221
5.8157
5.7996
5.8156
5.8761
4.9134
3.9826
3.0603
2.8986
2.7372
2.5727
2.4758
2.3705
2.2637
2.4808
2.7378
3.0223
2.7865
2.5536
2.2350
1.4213
0.3073
-0.6878
-1.1225
-1.5607
-1.9889
-2.5653
-3.1613
-3.7544
-3.8436
-3.9290
-4.0053
-4.3167
-4.6346
-4.9367
-5.0517
-5.1743
-5.3230
-6.1715
-7.1146
-8.0467
-7.8765
-7.6497
-7.4168
-7.6321
-7.8449
-7.9848
-7.7105
-7.4771
-7.2783
-6.6143
-5.9464
-5.7734
-2.6058
0.6688
4.3189
5.1926
6.0025
6.8535
7.8223
8.7875
9.7807
9.3430
8.8832
8.3727
7.8050
7.2874
6.8027
6.2489
5.6926
5.1727
4.7403
4.3192
3.9108
3.3293
2.7555
2.1391
1.9248
1.7127
1.5234
1.4562
