5.9145
5.7910
5.7413
5.6790
5.6058
5.4491
5.2945
5.1419
4.5440
3.9656
3.3872
3.2835
3.1690
3.0631
2.9059
2.7637
2.6505
2.7876
2.9222
3.0503
3.0030
2.9440
2.8745
1.7132
0.4543
-0.6294
-1.1308
-1.6149
-2.1059
-2.5315
-2.9607
-3.3821
-3.4234
-3.4730
-3.5194
-3.7799
-4.0343
-4.2903
-4.4782
-4.7299
-5.0016
-5.8680
-6.8254
-7.6888
-7.2013
-6.7228
-6.2539
-6.3472
-6.4964
-6.7234
-6.8652
-6.9774
-7.0782
-6.0877
-5.1316
-4.1433
-1.2988
2.0092
5.3136
5.4746
5.4885
5.5065
6.6204
7.7735
8.9081
9.0840
9.2805
9.6162
9.3318
9.0997
8.9137
8.4217
7.8188
7.1706
6.5477
5.9883
5.4835
4.8665
4.3349
3.9018
4.0427
4.0930
4.1615
3.7471
3.3282
2.8611
2.7956
2.8706
3.0384
3.5649
4.0778
4.5437
