6.1150
6.0217
5.9106
5.7832
5.6034
5.4451
5.2864
4.3301
3.3738
2.4025
2.3385
2.2461
2.1877
2.0488
1.9337
1.8376
2.0954
2.3502
2.6030
2.4724
2.3331
2.1887
1.4398
0.4369
-0.4812
-1.0139
-1.4080
-1.7930
-2.3450
-2.9098
-3.4850
-3.5498
-3.6161
-3.6795
-3.8976
-4.1244
-4.3626
-4.9908
-5.6050
-6.2084
-6.9393
-7.6723
-8.4031
-7.8455
-7.2918
-6.7500
-6.4833
-6.1736
-5.7642
-6.1640
-6.5940
-7.0828
-5.3751
-3.7060
-2.1470
0.3473
2.8820
5.5211
5.5348
5.5722
5.6363
6.8274
8.0347
9.2079
9.1717
9.1156
9.0673
8.6465
8.2548
7.8797
7.2776
6.6361
5.9672
5.6425
5.3020
4.9616
4.5895
4.2403
3.8769
3.7580
3.6569
3.5490
3.2090
2.8520
2.5102
2.4399
2.3839
2.3285
2.8711
3.8637
4.8481
3.8581
