0.1665
0.1438
0.1003
0.0530
-0.0111
-0.0822
-0.1523
-0.1325
-0.1319
-0.0859
0.0022
0.0845
0.1567
0.1141
0.0922
0.0916
0.0033
-0.0831
-0.1971
-0.1998
-0.1762
-0.1558
-0.0860
-0.0017
0.1322
0.1244
0.1516
0.1514
0.0813
0.0067
-0.0658
-0.1043
-0.1273
-0.1185
-0.0532
0.0273
0.1039
0.1310
0.1744
0.1986
0.1032
0.0212
-0.0884
-0.1315
-0.1849
-0.1850
-0.1256
-0.0779
0.0121
0.0336
0.0926
0.1389
0.0606
0.0092
-0.0589
-0.0934
-0.1537
-0.1948
-0.1277
-0.0852
-0.0314
0.0196
0.0833
0.1322
0.0856
0.0010
-0.0258
-0.1052
-0.1733
-0.2245
-0.1717
-0.1025
-0.0773
0.0019
0.1021
0.1851
0.1036
0.0692
0.0142
-0.0474
-0.0926
-0.1727
-0.1155
-0.0767
-0.0178
0.0677
0.1306
0.2309
0.1984
0.1381
0.0670
-0.0084
-0.0949
-0.2018
-0.1494
-0.1124
-0.0659
0.0254
0.1373
0.2357
0.1549
0.1343
0.0842
-0.0051
-0.0637
-0.1638
-0.1447
-0.1367
-0.1257
-0.0080
0.0702
0.1918
0.1558
0.1417
0.1222
0.0050
-0.0654
-0.1834
-0.1859
-0.1326
-0.0896
-0.0166
0.0772
0.2044
0.1300
0.1417
0.1305
0.0295
-0.0571
-0.1577
-0.1893
-0.1669
-0.1416
-0.0510
0.0120
0.1481
0.1256
0.1452
0.1653
0.0759
-0.0503
-0.1654
-0.1599
-0.1585
-0.1402
-0.0374
0.0538
0.1644
0.1381
0.1501
0.1854
0.0634
-0.0222
-0.1501
-0.1314
-0.1617
-0.1676
-0.0800
-0.0085
0.1079
0.0975
0.1486
0.1940
0.1062
-0.0284
-0.1059
-0.1027
-0.1172
-0.1429
-0.0409
0.0110
0.0946
0.1505
0.1649
0.2107
0.1015
0.0166
-0.0851
-0.1280
-0.1874
-0.2055
-0.1221
-0.0761
0.0205
0.0644
0.1785
0.1681
0.0819
0.0252
-0.0374
-0.0570
-0.0994
-0.0915
-0.0557
-0.0019
0.0452
0.1102
0.1785
0.2370
0.1622
0.0890
0.0052
-0.0670
-0.0993
-0.1633
-0.1176
-0.0828
-0.0055
0.0496
0.1206
0.1830
0.1440
0.0767
-0.0051
-0.0450
-0.0692
-0.1188
-0.1044
-0.0506
-0.0234
0.0544
0.1057
0.1893
0.1515
0.1114
0.0470
-0.0205
-0.0854
-0.1477
-0.1597
-0.0912
-0.0722
0.0120
0.0852
0.1421
0.1338
0.1161
0.0834
