-0.0582
0.4501
0.8756
1.7765
2.8012
3.6925
4.3572
4.5058
4.5199
4.5347
4.5761
4.8890
4.8246
4.9344
4.9099
4.9396
5.0808
5.1500
5.1971
5.1224
5.3912
5.3485
5.5109
5.7584
5.7515
6.0151
6.2043
6.7180
5.9488
5.1277
4.0749
4.5730
4.4819
4.6942
3.8773
3.3031
2.5190
2.1007
1.3982
0.8458
0.0159
-0.5854
-1.1629
-1.7861
-2.4609
-2.8841
-3.7221
-4.4148
-5.0535
-4.4820
-4.2823
-4.0636
-4.4364
-4.8257
-5.1765
-5.8423
-6.8800
-7.8919
-7.8467
-7.8897
-8.0701
-8.2368
-8.4649
-8.3782
-8.5530
-8.6226
-8.7335
-8.8605
-8.9453
-9.0869
-9.0686
-9.2168
-9.2376
-8.4117
-7.9634
-7.4738
-7.8627
-8.4107
-8.9815
-9.4383
-9.6192
-9.9604
-9.8711
-9.6294
-9.6225
-9.4442
-9.2786
-9.1151
-8.9807
-8.8437
-8.8243
-8.4580
-8.3201
-8.2697
-8.1957
-8.2156
-8.0817
-7.8563
-7.5656
-7.3646
-7.3968
-7.5445
-7.3989
-7.6465
-8.2427
-8.2822
-7.9601
-7.8220
-7.6890
-7.3687
-7.1496
-6.7622
-6.3344
-6.1820
-5.9879
-5.5704
-5.3986
-5.0603
-4.9738
-4.6296
-4.6837
-4.3522
-4.2308
-3.8913
-3.9748
-4.0258
-4.1014
-4.3192
-4.2808
-4.4401
-4.2827
-4.1015
-3.8846
-3.7080
-3.5223
-3.6170
-3.3412
-3.2564
-2.8929
-2.8227
-2.7396
-2.5242
-2.4017
-2.1408
-1.9724
-1.3438
-0.6522
-0.0906
0.4078
1.0509
1.5238
1.1976
0.6115
0.3246
0.5680
0.6370
0.9275
0.9928
1.0687
1.1626
1.1732
1.4116
1.5545
1.9393
1.8679
1.9360
2.2513
2.1591
2.4273
1.1043
0.0097
-0.9575
-0.9869
-0.6383
-0.3250
-0.3071
-0.5790
-0.6647
-1.1749
-1.5761
-1.8629
-2.4302
-2.8711
-3.4122
-3.6391
-4.0418
-4.3285
-4.7776
-5.2042
-5.4563
-6.0851
-6.3494
-6.7368
-5.9141
-4.8615
-4.0174
-4.5781
-4.8986
-5.1151
-5.5091
-5.7893
-5.9282
-5.4468
-4.9846
-4.7970
-4.3819
-4.1422
-3.7853
-3.5250
-3.2408
-2.9046
-2.5773
-2.2539
-2.0113
-1.8383
-1.3348
-1.2048
-0.2431
0.6503
1.3859
1.7383
2.3131
2.4268
2.7931
2.8356
3.0342
2.8881
3.1827
3.1467
3.2081
3.1541
3.3035
3.4280
3.4577
3.2032
3.2301
3.2409
3.2405
