-5.8338
-5.5103
-4.8664
-4.3020
-4.9836
-5.5234
-5.8917
-6.4786
-6.8213
-7.5644
-7.4906
-7.7535
-7.8497
-8.2006
-8.2469
-8.3394
-8.5252
-8.7316
-8.8095
-9.1183
-9.0953
-9.1755
-9.4666
-9.7569
-9.8458
-9.6090
-9.4967
-9.1744
-7.9002
-6.8463
-5.7709
-5.7104
-5.4221
-5.1081
-5.3249
-5.4535
-5.6297
-5.8662
-5.9196
-6.2902
-6.4073
-6.6794
-6.6350
-7.0479
-7.0165
-7.3101
-7.6460
-7.5752
-7.7600
-7.5771
-7.0347
-6.8731
-5.0975
-3.5281
-1.9591
-1.2163
-0.6588
-0.2583
0.2434
0.8768
1.1072
1.5787
1.9756
2.2923
2.7402
3.0750
3.3670
3.8339
4.1852
4.3692
4.8068
5.1037
5.3805
5.6701
5.9539
5.9003
6.0520
6.2025
6.0755
5.5842
5.0242
4.5194
4.2837
4.3579
4.2266
4.2172
3.9734
3.9479
3.7304
3.5948
3.3931
3.3567
3.1228
3.0261
2.9698
2.9617
2.5965
2.5468
2.6016
2.7768
2.8018
2.6915
2.6398
2.2682
2.0373
1.5042
1.4767
1.1966
0.9189
0.7819
0.2864
0.1702
-0.0889
-0.2534
-0.5224
-0.6637
-0.9873
-1.3426
-1.4349
-1.9288
-2.0615
-1.8681
-1.6410
-1.3204
-1.4626
-1.7250
-1.5457
-2.1058
-2.3175
-2.4106
-2.7481
-2.4547
-2.6408
-2.6240
-2.5658
-2.6953
-2.5944
-2.7703
-2.9171
-2.8676
-2.9154
-2.9824
-2.9650
-2.9403
-3.0706
-3.1799
-3.7536
-4.1798
-3.8833
-3.3167
-3.2279
-2.5650
-2.3386
-1.8328
-2.2293
-2.8488
-3.3085
-3.5453
-3.7962
-4.3506
-4.5762
-4.9196
-5.4140
-5.6097
-6.1502
-6.5293
-6.8873
-7.2115
-7.6213
-8.0485
-8.6661
-9.3183
-9.6825
-10.4478
-10.8136
-10.4855
-10.3474
-10.1354
-9.3592
-8.6484
-7.9244
-7.2284
-6.4402
-5.9391
-5.1554
-4.4747
-3.8140
-3.0102
-2.4364
-1.6401
-0.9782
-0.3105
0.5493
1.0080
1.2939
1.9059
2.6058
3.4410
4.1803
3.9920
3.6393
3.5434
3.4746
3.1433
2.8949
2.7541
2.4471
2.3003
2.0780
1.8118
1.6511
1.5170
1.1969
1.0407
0.7354
0.6375
0.4428
0.1414
0.1937
0.0403
-0.5081
-0.9028
-1.4249
-1.2255
-0.7110
-0.0497
-0.4022
-0.5714
-0.8575
-1.2661
-1.3938
-1.7014
-2.1414
-2.4098
-2.5820
-3.0818
-3.3126
-3.5116
