5.2585
4.9621
5.0241
4.9889
5.0217
4.0546
3.0696
2.0910
2.2867
1.9418
1.8532
2.1528
1.8171
1.8666
1.8713
2.2893
2.3891
2.4566
2.1182
2.0085
1.0091
0.0938
-0.5365
-0.8123
-1.1111
-1.2539
-1.8278
-2.7114
-3.0751
-3.1648
-3.3832
-3.2045
-3.3276
-4.0512
-3.9530
-4.4525
-4.8938
-5.4804
-6.0443
-6.6212
-7.2701
-6.8229
-6.7022
-6.0950
-6.0588
-6.1397
-5.8310
-5.9477
-6.2061
-6.0649
-5.1891
-4.6413
-4.2076
-1.5534
1.2686
3.7572
4.8155
5.8048
6.6583
7.2300
7.8599
8.5276
8.1307
8.0049
7.5607
6.9767
6.6156
6.3696
5.7467
5.6035
5.0455
4.6760
4.3784
4.2538
3.6888
3.1726
2.7871
2.3171
2.3139
1.9876
1.9982
1.4583
1.1323
1.6149
2.4621
2.8946
3.0708
3.1920
3.0666
2.4719
2.2469
1.8992
1.9294
1.7260
2.0367
1.9824
2.5967
3.0445
3.3643
3.0906
3.0543
2.4075
1.6813
1.0266
-0.0480
-1.7246
