-0.0264
0.0710
0.1052
0.1428
0.1949
0.1049
-0.0170
-0.0879
-0.1587
-0.2285
-0.3192
-0.2170
-0.1075
-0.0348
0.0966
0.1858
0.3094
0.2501
0.2015
0.1533
0.0301
-0.0873
-0.1869
-0.1702
-0.1232
-0.0521
0.0113
0.0945
0.1939
0.1400
0.0722
0.0204
-0.0561
-0.1613
-0.2488
-0.2042
-0.1338
-0.0711
0.0377
0.1278
0.2678
0.2310
0.2318
0.1729
0.0724
-0.0321
-0.1179
-0.0620
-0.0328
-0.0069
0.1144
0.2363
0.3567
0.3662
0.4278
0.4571
0.3512
0.2728
0.1738
0.1312
0.1191
0.0700
0.1778
0.2732
0.3687
0.3741
0.3480
0.3391
0.1872
0.0599
-0.0398
-0.0487
-0.0698
-0.0631
0.0424
0.1422
0.2433
0.2856
0.3165
0.3540
0.2688
0.1643
0.1051
0.1134
0.0912
0.1197
0.2171
0.3629
0.4904
0.4911
0.4723
0.4844
0.3153
0.1291
-0.0790
-0.0986
-0.1599
-0.1741
-0.0369
0.1181
0.3349
0.4057
0.5135
0.6400
0.4510
0.2307
