0.1919
0.1458
-0.0012
-0.1292
-0.2847
-0.2283
-0.1772
-0.1382
0.0207
0.1931
0.3369
0.3121
0.2990
0.2803
0.1379
-0.0077
-0.1616
-0.1875
-0.1805
-0.1810
-0.0418
0.0683
0.2326
0.2190
0.2231
0.2388
0.0834
-0.0319
-0.1721
-0.1811
-0.1772
-0.1690
-0.0071
0.1568
0.3446
0.3503
0.4074
0.4518
0.2860
0.1396
-0.0116
-0.0434
-0.1084
-0.1270
0.0276
0.1917
0.3447
0.3909
0.4793
0.5582
0.4091
0.2781
0.1755
0.0821
-0.0213
-0.0961
-0.0043
0.0675
0.1089
0.1573
0.1801
0.2062
0.0779
-0.0343
-0.1369
-0.1918
-0.2587
-0.3094
-0.1829
-0.0774
0.0369
0.1477
0.2130
0.2963
0.2472
0.1956
0.1353
0.0818
0.0217
-0.0138
0.0167
0.0727
0.0972
0.1205
0.1509
0.1866
0.1165
0.0436
-0.0061
-0.0550
-0.1184
-0.1177
-0.0869
-0.0349
0.0026
0.0035
0.0818
0.1471
0.1450
0.1201
0.1133
0.0834
0.0606
0.0466
0.0219
0.0123
