2.8126
3.3402
1.3188
-0.7366
-2.7893
-2.3099
-1.5533
-1.3166
-0.2863
0.6943
1.7076
1.8211
1.9123
2.1434
1.5505
0.8575
0.1619
0.1338
0.3549
0.5666
0.5113
0.5222
0.5529
1.4073
2.4718
3.4133
3.6707
3.9015
4.0825
3.9812
3.7001
3.4336
3.3063
3.5634
3.6955
3.5030
3.6915
3.8160
4.4946
5.1297
5.7152
5.6371
5.9007
5.8730
6.2781
6.5892
6.7245
7.5031
7.6474
8.3702
9.0659
10.0540
10.7526
9.4724
8.3901
7.0114
4.9954
2.8078
0.6386
0.3906
-0.0228
-0.3449
-1.0746
-1.2569
-1.4102
-2.2128
-2.9574
-3.5718
-3.5361
-3.8293
-3.9579
-3.4052
-2.6588
-2.1521
-1.3925
-0.4986
0.3255
0.9537
1.4650
2.0112
2.7527
2.9280
3.4759
3.0849
2.7874
2.3655
2.3844
2.4988
2.4681
2.8050
2.5096
2.8306
3.2992
3.8481
4.2077
3.7010
3.3047
2.4688
1.5169
0.3891
-0.7187
-0.6530
-0.7919
-0.9912
-0.9991
-1.0945
