0.1045
0.7456
1.3734
2.0193
2.1412
2.2110
2.3029
0.6522
-0.9948
-2.6623
-1.4011
-0.0961
1.2394
1.2973
1.3397
1.3670
1.2795
1.1623
1.0077
0.9707
0.9728
0.9816
0.9525
0.9351
0.9286
1.3549
2.0139
2.7403
3.2436
3.6028
3.9562
3.4994
3.0453
2.5859
2.8517
3.1344
3.4285
3.4881
3.5488
3.6131
4.0291
4.6754
5.3652
5.7878
5.9876
6.1902
6.8266
7.4413
8.0096
8.3826
8.7999
9.2496
10.1803
11.1242
12.0531
10.7098
9.3893
8.1092
6.5405
4.7812
3.0851
1.9423
0.7826
-0.2996
-0.5672
-0.8269
-1.0684
-2.2921
-3.5473
-4.8304
-4.7175
-4.6266
-4.5441
-3.5866
-2.6286
-1.6629
-1.4398
-1.2163
-0.9801
-0.0929
0.7588
1.5979
2.2359
2.9339
3.6440
3.2551
2.9083
2.5899
2.5957
2.5336
2.4597
2.2555
2.2555
